Irradiances as a function of solar zenith angle for the NASA Irrad study
Run ID:  Cloudy sky; Chl = 0.5 mg/m^3; 2 deg SZA theta values
Run started at 17:35:46.0  04/03/2012
thetasun is the sun zenith angle in degrees
Irradiances are wavelength-integrated values over 400-700 nm
Irradiances Ed and Eu are in W/(m^2)
Irradiances PAR_Ed and PAR_Eo are in microEinst/(m^2 s)
First record after END is number of solar zenith angles and wind speeds (2i5)
Data block headers (2f6.1,f7.2):
   windspeed (m/s), cloud fraction (0.0 = clear to 1.0 = overcast), Chl (mg/m^3)
Data column headers for data records (f7.1,1p,8e12.4):
thetasun    Ed(air)     Eu(air) PAR_Ed(air) PAR_Eo(air)     Ed(z=0)     Eu(z=0) PAR_Ed(z=0) PAR_Eo(z=0)
END comments
   46    5 = number of solar zenith angles, number of wind speeds
   0.0   1.0   0.50
    0.0  1.1694E+02  7.0401E+00  5.3535E+02  1.0483E+03  1.1200E+02  2.0955E+00  5.1202E+02  6.2685E+02
    2.0  1.1686E+02  7.0436E+00  5.3498E+02  1.0486E+03  1.1191E+02  2.0943E+00  5.1163E+02  6.2646E+02
    4.0  1.1662E+02  7.0384E+00  5.3386E+02  1.0476E+03  1.1167E+02  2.0901E+00  5.1051E+02  6.2521E+02
    6.0  1.1621E+02  7.0247E+00  5.3199E+02  1.0453E+03  1.1126E+02  2.0830E+00  5.0868E+02  6.2311E+02
    8.0  1.1563E+02  7.0023E+00  5.2938E+02  1.0418E+03  1.1070E+02  2.0730E+00  5.0612E+02  6.2016E+02
   10.0  1.1489E+02  6.9712E+00  5.2602E+02  1.0369E+03  1.0998E+02  2.0602E+00  5.0285E+02  6.1636E+02
   12.0  1.1400E+02  6.9314E+00  5.2193E+02  1.0307E+03  1.0911E+02  2.0444E+00  4.9888E+02  6.1171E+02
   14.0  1.1294E+02  6.8829E+00  5.1710E+02  1.0232E+03  1.0808E+02  2.0257E+00  4.9419E+02  6.0622E+02
   16.0  1.1172E+02  6.8254E+00  5.1155E+02  1.0143E+03  1.0690E+02  2.0042E+00  4.8881E+02  5.9989E+02
   18.0  1.1034E+02  6.7592E+00  5.0528E+02  1.0041E+03  1.0556E+02  1.9798E+00  4.8274E+02  5.9273E+02
   20.0  1.0881E+02  6.6840E+00  4.9830E+02  9.9263E+02  1.0408E+02  1.9526E+00  4.7598E+02  5.8473E+02
   22.0  1.0712E+02  6.5998E+00  4.9061E+02  9.7977E+02  1.0244E+02  1.9225E+00  4.6855E+02  5.7592E+02
   24.0  1.0528E+02  6.5067E+00  4.8222E+02  9.6558E+02  1.0066E+02  1.8896E+00  4.6045E+02  5.6628E+02
   26.0  1.0329E+02  6.4046E+00  4.7315E+02  9.5004E+02  9.8736E+01  1.8540E+00  4.5169E+02  5.5585E+02
   28.0  1.0115E+02  6.2934E+00  4.6341E+02  9.3316E+02  9.6670E+01  1.8156E+00  4.4229E+02  5.4461E+02
   30.0  9.8864E+01  6.1732E+00  4.5301E+02  9.1493E+02  9.4465E+01  1.7746E+00  4.3226E+02  5.3259E+02
   32.0  9.6438E+01  6.0439E+00  4.4195E+02  8.9536E+02  9.2124E+01  1.7308E+00  4.2161E+02  5.1980E+02
   34.0  9.3872E+01  5.9055E+00  4.3027E+02  8.7444E+02  8.9651E+01  1.6845E+00  4.1036E+02  5.0624E+02
   36.0  9.1171E+01  5.7580E+00  4.1796E+02  8.5219E+02  8.7049E+01  1.6355E+00  3.9852E+02  4.9194E+02
   38.0  8.8338E+01  5.6015E+00  4.0505E+02  8.2861E+02  8.4321E+01  1.5841E+00  3.8610E+02  4.7692E+02
   40.0  8.5377E+01  5.4359E+00  3.9156E+02  8.0371E+02  8.1472E+01  1.5303E+00  3.7313E+02  4.6118E+02
   42.0  8.2292E+01  5.2613E+00  3.7749E+02  7.7751E+02  7.8505E+01  1.4741E+00  3.5963E+02  4.4475E+02
   44.0  7.9088E+01  5.0778E+00  3.6288E+02  7.5001E+02  7.5426E+01  1.4156E+00  3.4561E+02  4.2766E+02
   46.0  7.5769E+01  4.8855E+00  3.4775E+02  7.2125E+02  7.2239E+01  1.3549E+00  3.3109E+02  4.0993E+02
   48.0  7.2341E+01  4.6845E+00  3.3212E+02  6.9125E+02  6.8949E+01  1.2922E+00  3.1611E+02  3.9158E+02
   50.0  6.8810E+01  4.4749E+00  3.1601E+02  6.6004E+02  6.5563E+01  1.2276E+00  3.0068E+02  3.7265E+02
   52.0  6.5183E+01  4.2571E+00  2.9946E+02  6.2766E+02  6.2087E+01  1.1612E+00  2.8484E+02  3.5317E+02
   54.0  6.1465E+01  4.0313E+00  2.8248E+02  5.9416E+02  5.8527E+01  1.0932E+00  2.6861E+02  3.3319E+02
   56.0  5.7666E+01  3.7979E+00  2.6513E+02  5.5960E+02  5.4892E+01  1.0237E+00  2.5203E+02  3.1273E+02
   58.0  5.3794E+01  3.5574E+00  2.4744E+02  5.2404E+02  5.1190E+01  9.5295E-01  2.3514E+02  2.9186E+02
   60.0  4.9860E+01  3.3103E+00  2.2946E+02  4.8757E+02  4.7431E+01  8.8123E-01  2.1798E+02  2.7063E+02
   62.0  4.5876E+01  3.0574E+00  2.1123E+02  4.5030E+02  4.3627E+01  8.0880E-01  2.0060E+02  2.4911E+02
   64.0  4.1855E+01  2.7996E+00  1.9282E+02  4.1234E+02  3.9791E+01  7.3598E-01  1.8306E+02  2.2736E+02
   66.0  3.7813E+01  2.5380E+00  1.7429E+02  3.7386E+02  3.5938E+01  6.6314E-01  1.6542E+02  2.0548E+02
   68.0  3.3771E+01  2.2741E+00  1.5574E+02  3.3504E+02  3.2087E+01  5.9075E-01  1.4778E+02  1.8358E+02
   70.0  2.9752E+01  2.0096E+00  1.3727E+02  2.9612E+02  2.8261E+01  5.1933E-01  1.3022E+02  1.6177E+02
   72.0  2.5785E+01  1.7466E+00  1.1901E+02  2.5738E+02  2.4487E+01  4.4952E-01  1.1287E+02  1.4022E+02
   74.0  2.1906E+01  1.4879E+00  1.0111E+02  2.1921E+02  2.0800E+01  3.8206E-01  9.5875E+01  1.1913E+02
   76.0  1.8159E+01  1.2368E+00  8.3784E+01  1.8204E+02  1.7240E+01  3.1782E-01  7.9434E+01  9.8719E+01
   78.0  1.4599E+01  9.9723E-01  6.7273E+01  1.4646E+02  1.3859E+01  2.5777E-01  6.3776E+01  7.9294E+01
   80.0  1.1291E+01  7.7394E-01  5.1883E+01  1.1316E+02  1.0720E+01  2.0290E-01  4.9188E+01  6.1210E+01
   82.0  8.3055E+00  5.7196E-01  3.7965E+01  8.2935E+01  7.8875E+00  1.5398E-01  3.6002E+01  4.4871E+01
   84.0  5.7092E+00  3.9565E-01  2.5867E+01  5.6587E+01  5.4246E+00  1.1110E-01  2.4540E+01  3.0667E+01
   86.0  3.5262E+00  2.4626E-01  1.5780E+01  3.4565E+01  3.3529E+00  7.2942E-02  1.4982E+01  1.8791E+01
   88.0  1.6833E+00  1.1826E-01  7.4501E+00  1.6325E+01  1.6016E+00  3.6561E-02  7.0779E+00  8.9072E+00
   89.5  4.1447E-01  2.9138E-02  1.8309E+00  4.0121E+00  3.9439E-01  9.0528E-03  1.7396E+00  2.1904E+00
   2.0   1.0   0.50
    0.0  1.1694E+02  6.9834E+00  5.3535E+02  1.0488E+03  1.1207E+02  2.1087E+00  5.1234E+02  6.3086E+02
    2.0  1.1686E+02  6.9862E+00  5.3498E+02  1.0491E+03  1.1198E+02  2.1074E+00  5.1194E+02  6.3047E+02
    4.0  1.1662E+02  6.9806E+00  5.3386E+02  1.0480E+03  1.1174E+02  2.1033E+00  5.1083E+02  6.2923E+02
    6.0  1.1621E+02  6.9665E+00  5.3199E+02  1.0457E+03  1.1133E+02  2.0962E+00  5.0899E+02  6.2713E+02
    8.0  1.1563E+02  6.9438E+00  5.2938E+02  1.0421E+03  1.1077E+02  2.0862E+00  5.0644E+02  6.2417E+02
   10.0  1.1489E+02  6.9124E+00  5.2602E+02  1.0372E+03  1.1006E+02  2.0733E+00  5.0318E+02  6.2036E+02
   12.0  1.1400E+02  6.8724E+00  5.2193E+02  1.0309E+03  1.0918E+02  2.0575E+00  4.9920E+02  6.1570E+02
   14.0  1.1294E+02  6.8237E+00  5.1710E+02  1.0234E+03  1.0815E+02  2.0387E+00  4.9452E+02  6.1019E+02
   16.0  1.1172E+02  6.7662E+00  5.1155E+02  1.0145E+03  1.0697E+02  2.0171E+00  4.8913E+02  6.0383E+02
   18.0  1.1034E+02  6.7000E+00  5.0528E+02  1.0042E+03  1.0563E+02  1.9926E+00  4.8306E+02  5.9664E+02
   20.0  1.0881E+02  6.6249E+00  4.9830E+02  9.9269E+02  1.0415E+02  1.9652E+00  4.7630E+02  5.8861E+02
   22.0  1.0712E+02  6.5410E+00  4.9061E+02  9.7980E+02  1.0251E+02  1.9350E+00  4.6887E+02  5.7975E+02
   24.0  1.0528E+02  6.4482E+00  4.8222E+02  9.6556E+02  1.0073E+02  1.9020E+00  4.6076E+02  5.7007E+02
   26.0  1.0329E+02  6.3464E+00  4.7315E+02  9.4999E+02  9.8806E+01  1.8662E+00  4.5201E+02  5.5959E+02
   28.0  1.0115E+02  6.2357E+00  4.6341E+02  9.3307E+02  9.6739E+01  1.8276E+00  4.4260E+02  5.4830E+02
   30.0  9.8864E+01  6.1160E+00  4.5301E+02  9.1480E+02  9.4534E+01  1.7863E+00  4.3257E+02  5.3621E+02
   32.0  9.6438E+01  5.9873E+00  4.4195E+02  8.9519E+02  9.2192E+01  1.7424E+00  4.2192E+02  5.2335E+02
   34.0  9.3872E+01  5.8496E+00  4.3027E+02  8.7424E+02  8.9718E+01  1.6958E+00  4.1066E+02  5.0973E+02
   36.0  9.1171E+01  5.7029E+00  4.1796E+02  8.5196E+02  8.7115E+01  1.6466E+00  3.9881E+02  4.9535E+02
   38.0  8.8338E+01  5.5473E+00  4.0505E+02  8.2835E+02  8.4386E+01  1.5949E+00  3.8639E+02  4.8024E+02
   40.0  8.5377E+01  5.3826E+00  3.9156E+02  8.0342E+02  8.1535E+01  1.5407E+00  3.7342E+02  4.6441E+02
   42.0  8.2292E+01  5.2091E+00  3.7749E+02  7.7719E+02  7.8567E+01  1.4842E+00  3.5991E+02  4.4789E+02
   44.0  7.9088E+01  5.0267E+00  3.6288E+02  7.4967E+02  7.5486E+01  1.4254E+00  3.4588E+02  4.3070E+02
   46.0  7.5769E+01  4.8357E+00  3.4775E+02  7.2089E+02  7.2298E+01  1.3644E+00  3.3136E+02  4.1286E+02
   48.0  7.2341E+01  4.6360E+00  3.3212E+02  6.9086E+02  6.9007E+01  1.3013E+00  3.1637E+02  3.9440E+02
   50.0  6.8810E+01  4.4279E+00  3.1601E+02  6.5963E+02  6.5619E+01  1.2363E+00  3.0094E+02  3.7535E+02
   52.0  6.5183E+01  4.2117E+00  2.9946E+02  6.2723E+02  6.2140E+01  1.1695E+00  2.8508E+02  3.5576E+02
   54.0  6.1465E+01  3.9875E+00  2.8248E+02  5.9371E+02  5.8579E+01  1.1010E+00  2.6885E+02  3.3564E+02
   56.0  5.7666E+01  3.7559E+00  2.6513E+02  5.5913E+02  5.4941E+01  1.0311E+00  2.5226E+02  3.1506E+02
   58.0  5.3794E+01  3.5173E+00  2.4744E+02  5.2356E+02  5.1237E+01  9.5991E-01  2.3535E+02  2.9405E+02
   60.0  4.9860E+01  3.2722E+00  2.2946E+02  4.8708E+02  4.7476E+01  8.8773E-01  2.1818E+02  2.7268E+02
   62.0  4.5876E+01  3.0214E+00  2.1123E+02  4.4980E+02  4.3669E+01  8.1481E-01  2.0079E+02  2.5100E+02
   64.0  4.1855E+01  2.7659E+00  1.9282E+02  4.1184E+02  3.9830E+01  7.4149E-01  1.8324E+02  2.2911E+02
   66.0  3.7813E+01  2.5068E+00  1.7429E+02  3.7336E+02  3.5974E+01  6.6816E-01  1.6559E+02  2.0707E+02
   68.0  3.3771E+01  2.2454E+00  1.5574E+02  3.3454E+02  3.2120E+01  5.9526E-01  1.4793E+02  1.8501E+02
   70.0  2.9752E+01  1.9836E+00  1.3727E+02  2.9563E+02  2.8291E+01  5.2333E-01  1.3035E+02  1.6304E+02
   72.0  2.5785E+01  1.7235E+00  1.1901E+02  2.5691E+02  2.4514E+01  4.5301E-01  1.1299E+02  1.4134E+02
   74.0  2.1906E+01  1.4677E+00  1.0111E+02  2.1876E+02  2.0823E+01  3.8505E-01  9.5980E+01  1.2008E+02
   76.0  1.8159E+01  1.2196E+00  8.3784E+01  1.8163E+02  1.7260E+01  3.2033E-01  7.9523E+01  9.9516E+01
   78.0  1.4599E+01  9.8304E-01  6.7273E+01  1.4609E+02  1.3876E+01  2.5982E-01  6.3849E+01  7.9940E+01
   80.0  1.1291E+01  7.6271E-01  5.1883E+01  1.1284E+02  1.0732E+01  2.0452E-01  4.9246E+01  6.1713E+01
   82.0  8.3055E+00  5.6353E-01  3.7965E+01  8.2682E+01  7.8972E+00  1.5521E-01  3.6045E+01  4.5244E+01
   84.0  5.7092E+00  3.8977E-01  2.5867E+01  5.6399E+01  5.4314E+00  1.1199E-01  2.4570E+01  3.0926E+01
   86.0  3.5262E+00  2.4258E-01  1.5780E+01  3.4442E+01  3.3572E+00  7.3530E-02  1.5001E+01  1.8953E+01
   88.0  1.6833E+00  1.1651E-01  7.4501E+00  1.6267E+01  1.6037E+00  3.6856E-02  7.0868E+00  8.9848E+00
   89.5  4.1447E-01  2.8707E-02  1.8309E+00  3.9979E+00  3.9489E-01  9.1258E-03  1.7418E+00  2.2095E+00
   5.0   1.0   0.50
    0.0  1.1823E+02  6.8353E+00  5.4082E+02  1.0492E+03  1.1356E+02  2.1616E+00  5.1872E+02  6.4282E+02
    2.0  1.1815E+02  6.8375E+00  5.4045E+02  1.0495E+03  1.1347E+02  2.1604E+00  5.1833E+02  6.4245E+02
    4.0  1.1791E+02  6.8316E+00  5.3934E+02  1.0485E+03  1.1323E+02  2.1564E+00  5.1724E+02  6.4123E+02
    6.0  1.1750E+02  6.8176E+00  5.3750E+02  1.0462E+03  1.1283E+02  2.1494E+00  5.1542E+02  6.3916E+02
    8.0  1.1693E+02  6.7954E+00  5.3492E+02  1.0426E+03  1.1228E+02  2.1395E+00  5.1290E+02  6.3624E+02
   10.0  1.1621E+02  6.7650E+00  5.3160E+02  1.0378E+03  1.1157E+02  2.1268E+00  5.0968E+02  6.3247E+02
   12.0  1.1532E+02  6.7262E+00  5.2756E+02  1.0316E+03  1.1071E+02  2.1111E+00  5.0575E+02  6.2785E+02
   14.0  1.1427E+02  6.6792E+00  5.2280E+02  1.0242E+03  1.0969E+02  2.0926E+00  5.0112E+02  6.2239E+02
   16.0  1.1307E+02  6.6239E+00  5.1732E+02  1.0155E+03  1.0852E+02  2.0712E+00  4.9580E+02  6.1609E+02
   18.0  1.1171E+02  6.5601E+00  5.1112E+02  1.0055E+03  1.0720E+02  2.0469E+00  4.8979E+02  6.0896E+02
   20.0  1.1020E+02  6.4880E+00  5.0423E+02  9.9424E+02  1.0573E+02  2.0198E+00  4.8310E+02  6.0100E+02
   22.0  1.0853E+02  6.4074E+00  4.9663E+02  9.8164E+02  1.0411E+02  1.9898E+00  4.7575E+02  5.9221E+02
   24.0  1.0671E+02  6.3182E+00  4.8835E+02  9.6772E+02  1.0235E+02  1.9570E+00  4.6773E+02  5.8260E+02
   26.0  1.0474E+02  6.2206E+00  4.7939E+02  9.5249E+02  1.0045E+02  1.9215E+00  4.5907E+02  5.7219E+02
   28.0  1.0263E+02  6.1144E+00  4.6976E+02  9.3594E+02  9.8400E+01  1.8832E+00  4.4976E+02  5.6097E+02
   30.0  1.0037E+02  5.9996E+00  4.5948E+02  9.1808E+02  9.6216E+01  1.8421E+00  4.3983E+02  5.4896E+02
   32.0  9.7975E+01  5.8762E+00  4.4855E+02  8.9890E+02  9.3897E+01  1.7984E+00  4.2928E+02  5.3617E+02
   34.0  9.5439E+01  5.7442E+00  4.3699E+02  8.7841E+02  9.1446E+01  1.7520E+00  4.1812E+02  5.2262E+02
   36.0  9.2766E+01  5.6035E+00  4.2481E+02  8.5660E+02  8.8866E+01  1.7030E+00  4.0638E+02  5.0831E+02
   38.0  8.9962E+01  5.4542E+00  4.1204E+02  8.3349E+02  8.6159E+01  1.6515E+00  3.9406E+02  4.9325E+02
   40.0  8.7030E+01  5.2962E+00  3.9867E+02  8.0907E+02  8.3331E+01  1.5974E+00  3.8119E+02  4.7748E+02
   42.0  8.3972E+01  5.1297E+00  3.8474E+02  7.8336E+02  8.0383E+01  1.5410E+00  3.6777E+02  4.6099E+02
   44.0  8.0794E+01  4.9545E+00  3.7025E+02  7.5637E+02  7.7321E+01  1.4821E+00  3.5384E+02  4.4382E+02
   46.0  7.7499E+01  4.7709E+00  3.5523E+02  7.2811E+02  7.4149E+01  1.4210E+00  3.3939E+02  4.2599E+02
   48.0  7.4092E+01  4.5788E+00  3.3969E+02  6.9860E+02  7.0871E+01  1.3577E+00  3.2446E+02  4.0751E+02
   50.0  7.0578E+01  4.3784E+00  3.2366E+02  6.6787E+02  6.7491E+01  1.2923E+00  3.0907E+02  3.8841E+02
   52.0  6.6961E+01  4.1699E+00  3.0717E+02  6.3594E+02  6.4016E+01  1.2250E+00  2.9324E+02  3.6872E+02
   54.0  6.3249E+01  3.9534E+00  2.9023E+02  6.0285E+02  6.0451E+01  1.1558E+00  2.7700E+02  3.4848E+02
   56.0  5.9447E+01  3.7293E+00  2.7287E+02  5.6864E+02  5.6802E+01  1.0849E+00  2.6037E+02  3.2771E+02
   58.0  5.5562E+01  3.4978E+00  2.5513E+02  5.3336E+02  5.3077E+01  1.0125E+00  2.4338E+02  3.0646E+02
   60.0  5.1603E+01  3.2596E+00  2.3705E+02  4.9709E+02  4.9282E+01  9.3881E-01  2.2607E+02  2.8478E+02
   62.0  4.7580E+01  3.0150E+00  2.1866E+02  4.5990E+02  4.5429E+01  8.6402E-01  2.0848E+02  2.6271E+02
   64.0  4.3504E+01  2.7650E+00  2.0002E+02  4.2189E+02  4.1527E+01  7.8842E-01  1.9066E+02  2.4032E+02
   66.0  3.9389E+01  2.5104E+00  1.8118E+02  3.8321E+02  3.7591E+01  7.1236E-01  1.7267E+02  2.1770E+02
   68.0  3.5253E+01  2.2525E+00  1.6223E+02  3.4400E+02  3.3636E+01  6.3623E-01  1.5458E+02  1.9492E+02
   70.0  3.1117E+01  1.9928E+00  1.4326E+02  3.0450E+02  2.9684E+01  5.6056E-01  1.3647E+02  1.7212E+02
   72.0  2.7009E+01  1.7334E+00  1.2439E+02  2.6497E+02  2.5761E+01  4.8596E-01  1.1848E+02  1.4944E+02
   74.0  2.2965E+01  1.4768E+00  1.0578E+02  2.2578E+02  2.1901E+01  4.1322E-01  1.0074E+02  1.2709E+02
   76.0  1.9032E+01  1.2262E+00  8.7647E+01  1.8740E+02  1.8149E+01  3.4331E-01  8.3461E+01  1.0532E+02
   78.0  1.5272E+01  9.8602E-01  7.0259E+01  1.5046E+02  1.4563E+01  2.7739E-01  6.6903E+01  8.4456E+01
   80.0  1.1759E+01  7.6132E-01  5.3975E+01  1.1575E+02  1.1215E+01  2.1677E-01  5.1401E+01  6.4938E+01
   82.0  8.5860E+00  5.5808E-01  3.9227E+01  8.4219E+01  8.1906E+00  1.6271E-01  3.7365E+01  4.7274E+01
   84.0  5.8414E+00  3.8195E-01  2.6467E+01  5.6885E+01  5.5753E+00  1.1587E-01  2.5223E+01  3.1993E+01
   86.0  3.5697E+00  2.3526E-01  1.5978E+01  3.4373E+01  3.4097E+00  7.5269E-02  1.5238E+01  1.9400E+01
   88.0  1.6930E+00  1.1234E-01  7.4889E+00  1.6118E+01  1.6182E+00  3.7616E-02  7.1474E+00  9.1330E+00
   89.5  4.1647E-01  2.7672E-02  1.8369E+00  3.9539E+00  3.9814E-01  9.3465E-03  1.7534E+00  2.2425E+00
  10.0   1.0   0.50
    0.0  1.1842E+02  6.4862E+00  5.4164E+02  1.0389E+03  1.1414E+02  2.2010E+00  5.2130E+02  6.5256E+02
    2.0  1.1834E+02  6.4875E+00  5.4127E+02  1.0391E+03  1.1405E+02  2.1999E+00  5.2092E+02  6.5221E+02
    4.0  1.1810E+02  6.4812E+00  5.4017E+02  1.0381E+03  1.1381E+02  2.1958E+00  5.1983E+02  6.5100E+02
    6.0  1.1770E+02  6.4671E+00  5.3833E+02  1.0358E+03  1.1342E+02  2.1889E+00  5.1803E+02  6.4894E+02
    8.0  1.1713E+02  6.4453E+00  5.3576E+02  1.0322E+03  1.1287E+02  2.1790E+00  5.1552E+02  6.4602E+02
   10.0  1.1641E+02  6.4156E+00  5.3247E+02  1.0274E+03  1.1216E+02  2.1662E+00  5.1230E+02  6.4224E+02
   12.0  1.1553E+02  6.3781E+00  5.2844E+02  1.0214E+03  1.1130E+02  2.1505E+00  5.0838E+02  6.3762E+02
   14.0  1.1448E+02  6.3328E+00  5.2370E+02  1.0140E+03  1.1028E+02  2.1319E+00  5.0376E+02  6.3214E+02
   16.0  1.1329E+02  6.2795E+00  5.1824E+02  1.0054E+03  1.0912E+02  2.1104E+00  4.9846E+02  6.2582E+02
   18.0  1.1193E+02  6.2183E+00  5.1207E+02  9.9553E+02  1.0780E+02  2.0860E+00  4.9246E+02  6.1866E+02
   20.0  1.1042E+02  6.1491E+00  5.0520E+02  9.8436E+02  1.0633E+02  2.0587E+00  4.8579E+02  6.1066E+02
   22.0  1.0876E+02  6.0719E+00  4.9764E+02  9.7191E+02  1.0472E+02  2.0285E+00  4.7845E+02  6.0184E+02
   24.0  1.0695E+02  5.9867E+00  4.8939E+02  9.5816E+02  1.0296E+02  1.9956E+00  4.7045E+02  5.9218E+02
   26.0  1.0499E+02  5.8934E+00  4.8047E+02  9.4312E+02  1.0106E+02  1.9597E+00  4.6180E+02  5.8171E+02
   28.0  1.0289E+02  5.7920E+00  4.7088E+02  9.2679E+02  9.9017E+01  1.9211E+00  4.5251E+02  5.7043E+02
   30.0  1.0064E+02  5.6826E+00  4.6063E+02  9.0916E+02  9.6837E+01  1.8798E+00  4.4259E+02  5.5835E+02
   32.0  9.8251E+01  5.5650E+00  4.4975E+02  8.9024E+02  9.4521E+01  1.8357E+00  4.3206E+02  5.4548E+02
   34.0  9.5724E+01  5.4393E+00  4.3824E+02  8.7002E+02  9.2073E+01  1.7889E+00  4.2092E+02  5.3184E+02
   36.0  9.3063E+01  5.3055E+00  4.2611E+02  8.4851E+02  8.9496E+01  1.7394E+00  4.0919E+02  5.1743E+02
   38.0  9.0269E+01  5.1635E+00  4.1338E+02  8.2571E+02  8.6793E+01  1.6874E+00  3.9689E+02  5.0227E+02
   40.0  8.7348E+01  5.0134E+00  4.0007E+02  8.0163E+02  8.3967E+01  1.6328E+00  3.8403E+02  4.8637E+02
   42.0  8.4302E+01  4.8552E+00  3.8618E+02  7.7627E+02  8.1022E+01  1.5758E+00  3.7063E+02  4.6976E+02
   44.0  8.1135E+01  4.6890E+00  3.7175E+02  7.4966E+02  7.7962E+01  1.5163E+00  3.5670E+02  4.5245E+02
   46.0  7.7851E+01  4.5149E+00  3.5678E+02  7.2179E+02  7.4790E+01  1.4545E+00  3.4226E+02  4.3446E+02
   48.0  7.4456E+01  4.3328E+00  3.4130E+02  6.9270E+02  7.1513E+01  1.3904E+00  3.2734E+02  4.1581E+02
   50.0  7.0952E+01  4.1430E+00  3.2532E+02  6.6240E+02  6.8133E+01  1.3243E+00  3.1195E+02  3.9653E+02
   52.0  6.7347E+01  3.9457E+00  3.0888E+02  6.3091E+02  6.4657E+01  1.2560E+00  2.9611E+02  3.7664E+02
   54.0  6.3644E+01  3.7409E+00  2.9198E+02  5.9828E+02  6.1088E+01  1.1859E+00  2.7986E+02  3.5618E+02
   56.0  5.9850E+01  3.5290E+00  2.7467E+02  5.6454E+02  5.7435E+01  1.1140E+00  2.6321E+02  3.3518E+02
   58.0  5.5972E+01  3.3104E+00  2.5697E+02  5.2975E+02  5.3702E+01  1.0404E+00  2.4619E+02  3.1367E+02
   60.0  5.2018E+01  3.0853E+00  2.3891E+02  4.9396E+02  4.9898E+01  9.6551E-01  2.2884E+02  2.9170E+02
   62.0  4.7997E+01  2.8545E+00  2.2053E+02  4.5725E+02  4.6032E+01  8.8937E-01  2.1120E+02  2.6932E+02
   64.0  4.3920E+01  2.6185E+00  2.0189E+02  4.1972E+02  4.2113E+01  8.1231E-01  1.9330E+02  2.4659E+02
   66.0  3.9799E+01  2.3783E+00  1.8303E+02  3.8148E+02  3.8155E+01  7.3464E-01  1.7522E+02  2.2358E+02
   68.0  3.5651E+01  2.1348E+00  1.6403E+02  3.4270E+02  3.4172E+01  6.5677E-01  1.5700E+02  2.0039E+02
   70.0  3.1496E+01  1.8896E+00  1.4498E+02  3.0357E+02  3.0186E+01  5.7919E-01  1.3875E+02  1.7713E+02
   72.0  2.7362E+01  1.6444E+00  1.2600E+02  2.6436E+02  2.6220E+01  5.0252E-01  1.2057E+02  1.5394E+02
   74.0  2.3284E+01  1.4015E+00  1.0724E+02  2.2542E+02  2.2310E+01  4.2757E-01  1.0260E+02  1.3103E+02
   76.0  1.9308E+01  1.1641E+00  8.8912E+01  1.8720E+02  1.8499E+01  3.5531E-01  8.5063E+01  1.0866E+02
   78.0  1.5496E+01  9.3594E-01  7.1294E+01  1.5033E+02  1.4847E+01  2.8697E-01  6.8207E+01  8.7162E+01
   80.0  1.1925E+01  7.2214E-01  5.4749E+01  1.1559E+02  1.1427E+01  2.2395E-01  5.2384E+01  6.6991E+01
   82.0  8.6933E+00  5.2850E-01  3.9733E+01  8.3981E+01  8.3325E+00  1.6767E-01  3.8025E+01  4.8697E+01
   84.0  5.8967E+00  3.6070E-01  2.6732E+01  5.6561E+01  5.6550E+00  1.1896E-01  2.5596E+01  3.2860E+01
   86.0  3.5891E+00  2.2141E-01  1.6072E+01  3.4039E+01  3.4447E+00  7.7009E-02  1.5401E+01  1.9845E+01
   88.0  1.6963E+00  1.0545E-01  7.5045E+00  1.5900E+01  1.6293E+00  3.8426E-02  7.1966E+00  9.3075E+00
   89.5  4.1684E-01  2.5953E-02  1.8380E+00  3.8949E+00  4.0043E-01  9.5519E-03  1.7630E+00  2.2823E+00
  15.0   1.0   0.50
    0.0  1.1844E+02  6.1878E+00  5.4168E+02  1.0307E+03  1.1449E+02  2.2350E+00  5.2285E+02  6.6078E+02
    2.0  1.1836E+02  6.1886E+00  5.4131E+02  1.0308E+03  1.1440E+02  2.2339E+00  5.2247E+02  6.6044E+02
    4.0  1.1812E+02  6.1819E+00  5.4021E+02  1.0298E+03  1.1416E+02  2.2299E+00  5.2138E+02  6.5923E+02
    6.0  1.1771E+02  6.1679E+00  5.3837E+02  1.0275E+03  1.1377E+02  2.2230E+00  5.1958E+02  6.5716E+02
    8.0  1.1715E+02  6.1464E+00  5.3580E+02  1.0239E+03  1.1322E+02  2.2130E+00  5.1707E+02  6.5423E+02
   10.0  1.1643E+02  6.1173E+00  5.3251E+02  1.0191E+03  1.1251E+02  2.2001E+00  5.1385E+02  6.5043E+02
   12.0  1.1554E+02  6.0808E+00  5.2848E+02  1.0131E+03  1.1164E+02  2.1843E+00  5.0992E+02  6.4578E+02
   14.0  1.1450E+02  6.0367E+00  5.2374E+02  1.0058E+03  1.1063E+02  2.1655E+00  5.0530E+02  6.4026E+02
   16.0  1.1330E+02  5.9850E+00  5.1828E+02  9.9720E+02  1.0946E+02  2.1438E+00  4.9998E+02  6.3390E+02
   18.0  1.1195E+02  5.9257E+00  5.1211E+02  9.8736E+02  1.0814E+02  2.1192E+00  4.9398E+02  6.2668E+02
   20.0  1.1044E+02  5.8588E+00  5.0524E+02  9.7624E+02  1.0667E+02  2.0916E+00  4.8730E+02  6.1861E+02
   22.0  1.0878E+02  5.7842E+00  4.9768E+02  9.6385E+02  1.0506E+02  2.0612E+00  4.7995E+02  6.0971E+02
   24.0  1.0697E+02  5.7019E+00  4.8943E+02  9.5018E+02  1.0329E+02  2.0278E+00  4.7193E+02  5.9997E+02
   26.0  1.0501E+02  5.6120E+00  4.8051E+02  9.3522E+02  1.0139E+02  1.9916E+00  4.6327E+02  5.8940E+02
   28.0  1.0290E+02  5.5143E+00  4.7092E+02  9.1898E+02  9.9342E+01  1.9526E+00  4.5396E+02  5.7801E+02
   30.0  1.0066E+02  5.4088E+00  4.6068E+02  9.0145E+02  9.7158E+01  1.9107E+00  4.4402E+02  5.6582E+02
   32.0  9.8268E+01  5.2957E+00  4.4979E+02  8.8263E+02  9.4838E+01  1.8661E+00  4.3346E+02  5.5282E+02
   34.0  9.5741E+01  5.1748E+00  4.3828E+02  8.6254E+02  9.2384E+01  1.8187E+00  4.2230E+02  5.3904E+02
   36.0  9.3079E+01  5.0461E+00  4.2615E+02  8.4116E+02  8.9801E+01  1.7687E+00  4.1055E+02  5.2448E+02
   38.0  9.0286E+01  4.9098E+00  4.1343E+02  8.1850E+02  8.7092E+01  1.7160E+00  3.9822E+02  5.0916E+02
   40.0  8.7365E+01  4.7657E+00  4.0011E+02  7.9457E+02  8.4259E+01  1.6607E+00  3.8533E+02  4.9310E+02
   42.0  8.4319E+01  4.6140E+00  3.8623E+02  7.6939E+02  8.1307E+01  1.6029E+00  3.7189E+02  4.7630E+02
   44.0  8.1152E+01  4.4548E+00  3.7179E+02  7.4295E+02  7.8239E+01  1.5427E+00  3.5793E+02  4.5879E+02
   46.0  7.7868E+01  4.2880E+00  3.5683E+02  7.1528E+02  7.5060E+01  1.4800E+00  3.4345E+02  4.4060E+02
   48.0  7.4473E+01  4.1138E+00  3.4134E+02  6.8639E+02  7.1773E+01  1.4151E+00  3.2849E+02  4.2173E+02
   50.0  7.0969E+01  3.9323E+00  3.2537E+02  6.5630E+02  6.8384E+01  1.3479E+00  3.1306E+02  4.0222E+02
   52.0  6.7364E+01  3.7438E+00  3.0892E+02  6.2505E+02  6.4898E+01  1.2787E+00  2.9718E+02  3.8208E+02
   54.0  6.3661E+01  3.5483E+00  2.9202E+02  5.9267E+02  6.1319E+01  1.2075E+00  2.8087E+02  3.6136E+02
   56.0  5.9867E+01  3.3463E+00  2.7471E+02  5.5920E+02  5.7655E+01  1.1345E+00  2.6417E+02  3.4009E+02
   58.0  5.5989E+01  3.1379E+00  2.5701E+02  5.2468E+02  5.3910E+01  1.0598E+00  2.4710E+02  3.1830E+02
   60.0  5.2034E+01  2.9237E+00  2.3894E+02  4.8919E+02  5.0094E+01  9.8365E-01  2.2970E+02  2.9603E+02
   62.0  4.8013E+01  2.7041E+00  2.2057E+02  4.5279E+02  4.6214E+01  9.0625E-01  2.1199E+02  2.7335E+02
   64.0  4.3934E+01  2.4799E+00  2.0192E+02  4.1558E+02  4.2282E+01  8.2789E-01  1.9404E+02  2.5030E+02
   66.0  3.9812E+01  2.2517E+00  1.8306E+02  3.7769E+02  3.8309E+01  7.4888E-01  1.7589E+02  2.2696E+02
   68.0  3.5663E+01  2.0207E+00  1.6405E+02  3.3926E+02  3.4312E+01  6.6963E-01  1.5761E+02  2.0343E+02
   70.0  3.1508E+01  1.7881E+00  1.4500E+02  3.0050E+02  3.0310E+01  5.9064E-01  1.3928E+02  1.7983E+02
   72.0  2.7372E+01  1.5557E+00  1.2601E+02  2.6167E+02  2.6329E+01  5.1255E-01  1.2103E+02  1.5629E+02
   74.0  2.3292E+01  1.3257E+00  1.0725E+02  2.2310E+02  2.2402E+01  4.3616E-01  1.0300E+02  1.3304E+02
   76.0  1.9314E+01  1.1009E+00  8.8911E+01  1.8525E+02  1.8575E+01  3.6248E-01  8.5385E+01  1.1032E+02
   78.0  1.5499E+01  8.8502E-01  7.1287E+01  1.4874E+02  1.4906E+01  2.9276E-01  6.8460E+01  8.8487E+01
   80.0  1.1927E+01  6.8278E-01  5.4738E+01  1.1435E+02  1.1472E+01  2.2844E-01  5.2572E+01  6.8002E+01
   82.0  8.6928E+00  4.9968E-01  3.9719E+01  8.3070E+01  8.3641E+00  1.7097E-01  3.8157E+01  4.9425E+01
   84.0  5.8957E+00  3.4109E-01  2.6721E+01  5.5944E+01  5.6758E+00  1.2124E-01  2.5683E+01  3.3348E+01
   86.0  3.5886E+00  2.0948E-01  1.6068E+01  3.3672E+01  3.4576E+00  7.8444E-02  1.5456E+01  2.0141E+01
   88.0  1.6965E+00  9.9837E-02  7.5046E+00  1.5734E+01  1.6358E+00  3.9141E-02  7.2245E+00  9.4488E+00
   89.5  4.1697E-01  2.4581E-02  1.8383E+00  3.8548E+00  4.0212E-01  9.7331E-03  1.7701E+00  2.3173E+00
