1	2021-12-03 03:32:00	0.090541	0.074977	0.10679	13.791
1	2021-12-03 03:33:00	0.065037	0.053393	0.078385	13.768
1	2021-12-03 03:34:00	0.045024	0.037489	0.053393	13.75
1	2021-12-03 03:35:00	0.033531	0.029536	0.037489	13.811
1	2021-12-03 03:36:00	0.025068	0.019312	0.029536	13.806
1	2021-12-03 03:37:00	0.016226	0.012496	0.021584	13.746
1	2021-12-03 03:38:00	0.010357	0.0068161	0.014768	13.764
1	2021-12-03 03:39:00	0.0068918	0.0045441	0.0090881	13.789
1	2021-12-03 03:40:00	0.0041465	0.001136	0.0090881	13.761
1	2021-12-03 03:41:00	0.0002272	-0.002272	0.002272	13.78
1	2021-12-03 03:42:00	-0.0024261	-0.0045441	0.001136	14.245
1	2021-12-03 03:43:00	-0.0041465	-0.0056801	-0.002272	14.245
1	2021-12-03 03:44:00	-0.0055286	-0.0079521	-0.001136	14.249
1	2021-12-03 03:45:00	-0.0064564	-0.0079521	-0.0045441	14.271
1	2021-12-03 03:46:00	-0.0072516	-0.010224	-0.0045441	14.326
1	2021-12-03 03:47:00	-0.007687	-0.012496	-0.0056801	14.252
1	2021-12-03 03:48:00	-0.0081983	-0.010224	-0.0056801	14.363
1	2021-12-03 03:49:00	-0.0087852	-0.01136	-0.0056801	14.324
1	2021-12-03 03:50:00	-0.0089745	-0.010224	-0.001136	14.276
1	2021-12-03 03:51:00	-0.0095804	-0.012496	-0.0056801	14.249
1	2021-12-03 03:52:00	-0.0097129	-0.01136	-0.0079521	14.246
1	2021-12-03 03:53:00	-0.0098076	-0.01136	-0.0079521	14.233
1	2021-12-03 03:54:00	-0.009978	-0.01136	-0.0068161	14.21
1	2021-12-03 03:55:00	-0.010167	-0.013632	-0.0079521	14.207
1	2021-12-03 03:56:00	-0.010073	-0.01136	-0.0090881	14.214
1	2021-12-03 03:57:00	-0.009978	-0.01136	-0.0068161	14.241
1	2021-12-03 03:58:00	-0.0103	-0.01136	-0.0090881	14.238
1	2021-12-03 03:59:00	-0.010092	-0.01136	-0.0090881	14.249
1	2021-12-03 04:00:00	-0.010224	-0.012496	-0.0079521	14.233
1	2021-12-03 04:01:00	-0.010262	-0.012496	-0.0056801	14.247
1	2021-12-03 04:02:00	-0.010205	-0.01136	-0.0090881	14.255
1	2021-12-03 04:03:00	-0.010167	-0.014768	-0.0068161	14.202
1	2021-12-03 04:04:00	-0.010073	-0.01136	-0.0056801	14.279
1	2021-12-03 04:05:00	-0.010546	-0.012496	-0.0090881	14.287
1	2021-12-03 04:06:00	-0.010527	-0.018176	-0.0068161	14.212
1	2021-12-03 04:07:00	-0.010451	-0.013632	-0.0079521	14.197
1	2021-12-03 04:08:00	-0.010319	-0.013632	-0.0045441	14.21
1	2021-12-03 04:09:00	-0.010205	-0.012496	-0.001136	14.234
1	2021-12-03 04:10:00	-0.010167	-0.012496	-0.0079521	14.277
1	2021-12-03 04:11:00	-0.010527	-0.02272	-0.0090881	14.291
1	2021-12-03 04:12:00	-0.0103	-0.012496	-0.0079521	14.264
1	2021-12-03 04:13:00	-0.010262	-0.01136	-0.0079521	14.217
1	2021-12-03 04:14:00	-0.010186	-0.012496	-0.0090881	14.259
1	2021-12-03 04:15:00	-0.010319	-0.012496	-0.0079521	14.243
1	2021-12-03 04:16:00	-0.010357	-0.01136	-0.0090881	14.243
1	2021-12-03 04:17:00	-0.010224	-0.012496	-0.0079521	14.233
1	2021-12-03 04:18:00	-0.010129	-0.013632	-0.0034081	14.271
1	2021-12-03 04:19:00	-0.010073	-0.01136	-0.0056801	14.209
1	2021-12-03 04:20:00	-0.010224	-0.01136	-0.0090881	14.233
1	2021-12-03 04:21:00	-0.010186	-0.012496	-0.0056801	14.237
1	2021-12-03 04:22:00	-0.0103	-0.01136	-0.0079521	14.264
1	2021-12-03 04:23:00	-0.0103	-0.012496	-0.0090881	14.234
1	2021-12-03 04:24:00	-0.010129	-0.012496	-0.0079521	14.281
1	2021-12-03 04:25:00	-0.0103	-0.015904	-0.0056801	14.287
1	2021-12-03 04:26:00	-0.010224	-0.01136	-0.0034081	14.253
1	2021-12-03 04:27:00	-0.010167	-0.012496	-0.0079521	14.273
1	2021-12-03 04:28:00	-0.010338	-0.013632	-0.0090881	14.259
1	2021-12-03 04:29:00	-0.010224	-0.012496	-0.0056801	14.212
1	2021-12-03 04:30:00	-0.010281	-0.012496	-0.0068161	14.234
1	2021-12-03 04:31:00	-0.0103	-0.012496	-0.0056801	14.258
1	2021-12-03 04:32:00	-0.010148	-0.013632	-0.0079521	14.251
1	2021-12-03 04:33:00	-0.010319	-0.018176	-0.0090881	14.327
1	2021-12-03 04:34:00	-0.010035	-0.012496	-0.0079521	14.348
1	2021-12-03 04:35:00	-0.0098455	-0.01136	-0.0045441	14.315
1	2021-12-03 04:36:00	-0.010281	-0.015904	-0.0079521	14.264
1	2021-12-03 04:37:00	-0.010129	-0.012496	-0.0090881	14.26
1	2021-12-03 04:38:00	-0.009997	-0.01136	-0.0045441	14.312
1	2021-12-03 04:39:00	-0.010508	-0.013632	-0.0090881	14.244
1	2021-12-03 04:40:00	-0.010224	-0.012496	-0.0090881	14.254
1	2021-12-03 04:41:00	-0.010186	-0.012496	-0.0056801	14.283
1	2021-12-03 04:42:00	-0.010395	-0.014768	-0.0090881	14.181
1	2021-12-03 04:43:00	-0.010111	-0.014768	-0.0068161	14.239
1	2021-12-03 04:44:00	-0.010357	-0.013632	-0.0079521	14.282
1	2021-12-03 04:45:00	-0.010167	-0.013632	-0.0079521	14.189
1	2021-12-03 04:46:00	-0.010395	-0.01704	-0.0090881	14.24
1	2021-12-03 04:47:00	-0.010243	-0.012496	-0.0090881	14.294
1	2021-12-03 04:48:00	-0.010111	-0.01136	-0.0068161	14.197
1	2021-12-03 04:49:00	-0.010111	-0.012496	-0.0090881	14.238
1	2021-12-03 04:50:00	-0.010224	-0.01136	-0.0079521	14.325
1	2021-12-03 04:51:00	-0.010111	-0.012496	-0.0079521	14.268
1	2021-12-03 04:52:00	-0.010111	-0.013632	-0.0090881	14.179
1	2021-12-03 04:53:00	-0.010205	-0.01136	-0.0090881	14.242
1	2021-12-03 04:54:00	-0.010186	-0.014768	-0.0079521	14.246
1	2021-12-03 04:55:00	-0.010224	-0.012496	-0.0090881	14.243
1	2021-12-03 04:56:00	-0.010357	-0.013632	-0.0079521	14.142
1	2021-12-03 04:57:00	-0.010148	-0.01136	-0.0090881	14.24
1	2021-12-03 04:58:00	-0.010035	-0.01704	-0.0068161	14.187
1	2021-12-03 04:59:00	-0.010395	-0.015904	-0.0079521	14.213
1	2021-12-03 05:00:00	-0.010167	-0.01136	-0.0090881	14.35
1	2021-12-03 05:01:00	-0.010262	-0.01136	-0.0090881	14.342
1	2021-12-03 05:02:00	-0.010111	-0.012496	-0.0068161	14.254
1	2021-12-03 05:03:00	-0.010205	-0.01136	-0.0079521	14.329
1	2021-12-03 05:04:00	-0.010148	-0.012496	-0.0056801	14.226
1	2021-12-03 05:05:00	-0.010148	-0.012496	-0.0079521	14.233
1	2021-12-03 05:06:00	-0.010186	-0.01136	-0.0079521	14.259
1	2021-12-03 05:07:00	-0.010092	-0.01136	-0.0079521	14.232
1	2021-12-03 05:08:00	-0.010243	-0.01136	-0.0090881	14.217
1	2021-12-03 05:09:00	-0.009978	-0.01136	-0.0068161	14.191
1	2021-12-03 05:10:00	-0.010262	-0.012496	-0.0068161	14.264
1	2021-12-03 05:11:00	-0.010016	-0.012496	-0.0079521	14.253
1	2021-12-03 05:12:00	-0.010224	-0.013632	-0.0079521	14.196
1	2021-12-03 05:13:00	-0.010224	-0.013632	-0.0090881	14.236
1	2021-12-03 05:14:00	-0.010224	-0.012496	-0.0079521	14.245
1	2021-12-03 05:15:00	-0.010069	-0.012496	-0.0079521	14.226
1	2021-12-03 05:16:00	-0.0098266	-0.01136	-0.0056801	14.246
1	2021-12-03 05:17:00	-0.010092	-0.012496	-0.0068161	14.223
1	2021-12-03 05:18:00	-0.010338	-0.012496	-0.0090881	14.234
1	2021-12-03 05:19:00	-0.010148	-0.012496	-0.0079521	14.246
1	2021-12-03 05:20:00	-0.009978	-0.01136	-0.0079521	14.217
1	2021-12-03 05:21:00	-0.0099402	-0.014768	-0.0068161	14.254
1	2021-12-03 05:22:00	-0.0098644	-0.012496	-0.0079521	14.264
1	2021-12-03 05:23:00	-0.0099402	-0.014768	-0.0079521	14.253
1	2021-12-03 05:24:00	-0.010054	-0.01136	-0.0079521	14.24
1	2021-12-03 05:25:00	-0.009978	-0.012496	-0.0090881	14.35
1	2021-12-03 05:26:00	-0.010148	-0.01136	-0.0090881	14.322
1	2021-12-03 05:27:00	-0.010167	-0.01136	-0.0090881	14.301
1	2021-12-03 05:28:00	-0.010069	-0.01136	-0.0090881	14.321
1	2021-12-03 05:29:00	-0.009978	-0.013632	-0.0090881	14.289
1	2021-12-03 05:30:00	-0.010054	-0.01136	-0.0079521	14.287
1	2021-12-03 05:31:00	-0.010092	-0.01136	-0.0079521	14.259
1	2021-12-03 05:32:00	-0.010016	-0.012496	-0.0056801	14.222
1	2021-12-03 05:33:00	-0.010073	-0.01136	-0.0079521	14.237
1	2021-12-03 05:34:00	-0.0098644	-0.01136	-0.0056801	14.224
1	2021-12-03 05:35:00	-0.010016	-0.01136	-0.0090881	14.241
1	2021-12-03 05:36:00	-0.0098455	-0.01136	-0.0045441	14.29
1	2021-12-03 05:37:00	-0.0097697	-0.01136	-0.0068161	14.276
1	2021-12-03 05:38:00	-0.0099402	-0.013632	-0.0068161	14.299
1	2021-12-03 05:39:00	-0.0099402	-0.012496	-0.0090881	14.318
1	2021-12-03 05:40:00	-0.009978	-0.012496	-0.0068161	14.267
1	2021-12-03 05:41:00	-0.0098265	-0.01136	-0.0056801	14.217
1	2021-12-03 05:42:00	-0.010073	-0.012496	-0.0079521	14.28
1	2021-12-03 05:43:00	-0.0097129	-0.01136	-0.0056801	14.215
1	2021-12-03 05:44:00	-0.0099023	-0.01704	-0.0034081	14.245
1	2021-12-03 05:45:00	-0.010016	-0.013632	-0.0079521	14.29
1	2021-12-03 05:46:00	-0.0098455	-0.012496	-0.0079521	14.272
1	2021-12-03 05:47:00	-0.0097697	-0.01136	-0.0079521	14.23
1	2021-12-03 05:48:00	-0.009978	-0.015904	-0.0045441	14.179
1	2021-12-03 05:49:00	-0.0097508	-0.01136	-0.0056801	14.262
1	2021-12-03 05:50:00	-0.0097319	-0.012496	-0.0056801	14.233
1	2021-12-03 05:51:00	-0.0095804	-0.013632	-0.0045441	14.21
1	2021-12-03 05:52:00	-0.010016	-0.012496	-0.0079521	14.31
1	2021-12-03 05:53:00	-0.009694	-0.01136	-0.0056801	14.242
1	2021-12-03 05:54:00	-0.0094479	-0.01136	0.002272	14.243
1	2021-12-03 05:55:00	-0.0097319	-0.012496	-0.0068161	14.254
1	2021-12-03 05:56:00	-0.0095425	-0.012496	0	14.274
1	2021-12-03 05:57:00	-0.0097319	-0.012496	-0.0068161	14.27
1	2021-12-03 05:58:00	-0.010069	-0.013632	-0.0090881	14.225
1	2021-12-03 05:59:00	-0.0096372	-0.012496	-0.001136	14.287
1	2021-12-03 06:00:00	-0.0098455	-0.014768	-0.0056801	14.239
1	2021-12-03 06:01:00	-0.009978	-0.012496	-0.0045441	14.202
1	2021-12-03 06:02:00	-0.009694	-0.01136	-0.0079521	14.263
1	2021-12-03 06:03:00	-0.0099402	-0.015904	-0.0079521	14.285
1	2021-12-03 06:04:00	-0.0097697	-0.013632	-0.0056801	14.249
1	2021-12-03 06:05:00	-0.0095804	-0.013632	-0.0068161	14.219
1	2021-12-03 06:06:00	-0.0095425	-0.013632	-0.0079521	14.235
1	2021-12-03 06:07:00	-0.010035	-0.014768	-0.0068161	14.245
1	2021-12-03 06:08:00	-0.0094857	-0.01136	-0.0034081	14.263
1	2021-12-03 06:09:00	-0.0097129	-0.012496	-0.0079521	14.285
1	2021-12-03 06:10:00	-0.0096372	-0.014768	-0.0079521	14.223
1	2021-12-03 06:11:00	-0.0092396	-0.01704	0.0034081	14.298
1	2021-12-03 06:12:00	-0.0096372	-0.012496	-0.0079521	14.312
1	2021-12-03 06:13:00	-0.00941	-0.012496	0.0034081	14.326
1	2021-12-03 06:14:00	-0.0097319	-0.013632	-0.0079521	14.276
1	2021-12-03 06:15:00	-0.0096751	-0.01704	-0.0056801	14.285
1	2021-12-03 06:16:00	-0.0094289	-0.013632	-0.0068161	14.286
1	2021-12-03 06:17:00	-0.0092396	-0.010224	-0.002272	14.238
1	2021-12-03 06:18:00	-0.0095047	-0.01136	-0.0079521	14.276
1	2021-12-03 06:19:00	-0.0095993	-0.019312	-0.0068161	14.294
1	2021-12-03 06:20:00	-0.0095236	-0.013632	-0.0079521	14.275
1	2021-12-03 06:21:00	-0.0093911	-0.013632	-0.0068161	14.274
1	2021-12-03 06:22:00	-0.0093153	-0.01136	-0.0056801	14.294
1	2021-12-03 06:23:00	-0.0094857	-0.01136	-0.0045441	14.228
1	2021-12-03 06:24:00	-0.0095615	-0.013632	-0.0056801	14.249
1	2021-12-03 06:25:00	-0.0094857	-0.012496	-0.0056801	14.282
1	2021-12-03 06:26:00	-0.0095425	-0.01136	-0.0079521	14.236
1	2021-12-03 06:27:00	-0.0098644	-0.015904	-0.0079521	14.254
1	2021-12-03 06:28:00	-0.0091639	-0.014768	-0.0056801	14.278
1	2021-12-03 06:29:00	-0.0094479	-0.01136	-0.002272	14.233
1	2021-12-03 06:30:00	-0.0095615	-0.013632	-0.0079521	14.234
1	2021-12-03 06:31:00	-0.0095199	-0.012496	-0.0068161	14.283
1	2021-12-03 06:32:00	-0.009694	-0.012496	-0.0079521	14.225
1	2021-12-03 06:33:00	-0.0092396	-0.012496	-0.001136	14.261
1	2021-12-03 06:34:00	-0.0093911	-0.01136	-0.0068161	14.296
1	2021-12-03 06:35:00	-0.0094479	-0.012496	-0.0079521	14.217
1	2021-12-03 06:36:00	-0.0096183	-0.012496	-0.0079521	14.233
1	2021-12-03 06:37:00	-0.0096372	-0.021584	-0.0056801	14.256
1	2021-12-03 06:38:00	-0.0095993	-0.015904	-0.0079521	14.236
1	2021-12-03 06:39:00	-0.0097887	-0.01136	-0.0090881	14.272
1	2021-12-03 06:40:00	-0.0094289	-0.014768	-0.0045441	14.259
1	2021-12-03 06:41:00	-0.0090692	-0.013632	0.001136	14.332
1	2021-12-03 06:42:00	-0.0094289	-0.01704	-0.0068161	14.238
1	2021-12-03 06:43:00	-0.0092396	-0.012496	-0.0045441	14.256
1	2021-12-03 06:44:00	-0.00941	-0.012496	-0.0056801	14.243
1	2021-12-03 06:45:00	-0.0094289	-0.013632	-0.0068161	14.237
1	2021-12-03 06:46:00	-0.0093343	-0.012496	-0.0045441	14.25
1	2021-12-03 06:47:00	-0.0093343	-0.012496	-0.0045441	14.3
1	2021-12-03 06:48:00	-0.0095615	-0.012496	-0.0045441	14.271
1	2021-12-03 06:49:00	-0.0093343	-0.012496	-0.0068161	14.24
1	2021-12-03 06:50:00	-0.0092396	-0.014768	-0.0056801	14.285
1	2021-12-03 06:51:00	-0.0092585	-0.015904	-0.0068161	14.239
1	2021-12-03 06:52:00	-0.0092017	-0.01136	-0.0034081	14.246
1	2021-12-03 06:53:00	-0.0086716	-0.010224	-0.001136	14.171
1	2021-12-03 06:54:00	-0.0092017	-0.010224	-0.0068161	14.259
1	2021-12-03 06:55:00	-0.0093911	-0.012496	-0.0068161	14.281
1	2021-12-03 06:56:00	-0.0093343	-0.01136	-0.0056801	14.284
1	2021-12-03 06:57:00	-0.009126	-0.012496	-0.0068161	14.337
1	2021-12-03 06:58:00	-0.0092964	-0.013632	-0.0068161	14.301
1	2021-12-03 06:59:00	-0.009126	-0.013632	-0.0068161	14.331
1	2021-12-03 07:00:00	-0.0093153	-0.012496	-0.0068161	14.357
1	2021-12-03 07:01:00	-0.0091639	-0.018176	-0.0045441	14.312
1	2021-12-03 07:02:00	-0.0096183	-0.01704	-0.0068161	14.248
1	2021-12-03 07:03:00	-0.0091071	-0.012496	-0.0034081	14.249
1	2021-12-03 07:04:00	-0.0091449	-0.015904	-0.0056801	14.284
1	2021-12-03 07:05:00	-0.0091449	-0.015904	-0.0034081	14.243
1	2021-12-03 07:06:00	-0.0091828	-0.012496	-0.0056801	14.235
1	2021-12-03 07:07:00	-0.0092585	-0.01136	-0.0068161	14.238
1	2021-12-03 07:08:00	-0.0092964	-0.015904	-0.0068161	14.186
1	2021-12-03 07:09:00	-0.0089367	-0.01136	-0.001136	14.255
1	2021-12-03 07:10:00	-0.0090124	-0.01136	-0.002272	14.329
1	2021-12-03 07:11:00	-0.0092017	-0.012496	-0.0068161	14.238
1	2021-12-03 07:12:00	-0.0093532	-0.012496	-0.0079521	14.221
1	2021-12-03 07:13:00	-0.0091639	-0.012496	-0.0068161	14.246
1	2021-12-03 07:14:00	-0.0088988	-0.01136	-0.0045441	14.296
1	2021-12-03 07:15:00	-0.0090692	-0.012496	-0.0045441	14.235
1	2021-12-03 07:16:00	-0.0092207	-0.014768	-0.0056801	14.296
1	2021-12-03 07:17:00	-0.0092017	-0.014768	-0.0068161	14.271
1	2021-12-03 07:18:00	-0.0094857	-0.014768	-0.0068161	14.186
1	2021-12-03 07:19:00	-0.0090503	-0.010224	-0.0068161	14.233
1	2021-12-03 07:20:00	-0.0090692	-0.01136	-0.002272	14.268
1	2021-12-03 07:21:00	-0.0092964	-0.010224	-0.0068161	14.256
1	2021-12-03 07:22:00	-0.009126	-0.012496	-0.0068161	14.282
1	2021-12-03 07:23:00	-0.0090313	-0.01136	-0.0056801	14.277
1	2021-12-03 07:24:00	-0.0093153	-0.01136	-0.0079521	14.235
1	2021-12-03 07:25:00	-0.008842	-0.013632	-0.001136	14.212
1	2021-12-03 07:26:00	-0.009126	-0.01704	-0.0056801	14.269
1	2021-12-03 07:27:00	-0.0089745	-0.01136	-0.0068161	14.291
1	2021-12-03 07:28:00	-0.0091639	-0.015904	-0.0068161	14.247
1	2021-12-03 07:29:00	-0.0092017	-0.01704	-0.0068161	14.28
1	2021-12-03 07:30:00	-0.0090692	-0.01136	-0.0068161	14.275
1	2021-12-03 07:31:00	-0.0090503	-0.01136	-0.0068161	14.23
1	2021-12-03 07:32:00	-0.0092207	-0.01136	-0.0068161	14.273
1	2021-12-03 07:33:00	-0.0088231	-0.01136	-0.0034081	14.237
1	2021-12-03 07:34:00	-0.0089745	-0.01136	-0.0045441	14.207
1	2021-12-03 07:35:00	-0.0092017	-0.015904	-0.0079521	14.234
1	2021-12-03 07:36:00	-0.0090692	-0.013632	-0.0056801	14.356
1	2021-12-03 07:37:00	-0.0092775	-0.014768	-0.0079521	14.324
1	2021-12-03 07:38:00	-0.0090503	-0.012496	-0.002272	14.304
1	2021-12-03 07:39:00	-0.0087473	-0.014768	-0.002272	14.375
1	2021-12-03 07:40:00	-0.0089745	-0.010224	-0.0068161	14.377
1	2021-12-03 07:41:00	-0.0090503	-0.01136	-0.0079521	14.275
1	2021-12-03 07:42:00	-0.0090313	-0.01136	-0.0068161	14.318
1	2021-12-03 07:43:00	-0.0090124	-0.012496	-0.0034081	14.267
1	2021-12-03 07:44:00	-0.0090313	-0.013632	-0.0045441	14.244
1	2021-12-03 07:45:00	-0.0087852	-0.010224	-0.0034081	14.219
1	2021-12-03 07:46:00	-0.0090692	-0.013632	-0.0068161	14.257
1	2021-12-03 07:47:00	-0.0088988	-0.012496	-0.0056801	14.231
1	2021-12-03 07:48:00	-0.0091639	-0.023856	-0.0034081	14.188
1	2021-12-03 07:49:00	-0.0089556	-0.012496	-0.0068161	14.238
1	2021-12-03 07:50:00	-0.0091449	-0.01704	-0.0056801	14.243
1	2021-12-03 07:51:00	-0.0090313	-0.013632	-0.0068161	14.238
1	2021-12-03 07:52:00	-0.0087852	-0.010224	-0.002272	14.242
1	2021-12-03 07:53:00	-0.0089745	-0.01136	-0.0068161	14.289
1	2021-12-03 07:54:00	-0.0086905	-0.01136	-0.0056801	14.208
1	2021-12-03 07:55:00	-0.0087852	-0.01136	-0.0045441	14.243
1	2021-12-03 07:56:00	-0.0090692	-0.013632	-0.0068161	14.307
1	2021-12-03 07:57:00	-0.0090124	-0.012496	-0.0068161	14.228
1	2021-12-03 07:58:00	-0.0085391	-0.01136	0.0068161	14.249
1	2021-12-03 07:59:00	-0.0090503	-0.013632	-0.0045441	14.247
1	2021-12-03 08:00:00	-0.0089556	-0.01136	-0.0068161	14.249
1	2021-12-03 08:01:00	-0.008842	-0.013632	-0.0056801	14.281
1	2021-12-03 08:02:00	-0.0088609	-0.012496	-0.0068161	14.264
1	2021-12-03 08:03:00	-0.0085959	-0.01136	-0.0045441	14.214
1	2021-12-03 08:04:00	-0.0090313	-0.012496	-0.0045441	14.292
1	2021-12-03 08:05:00	-0.0087663	-0.01136	-0.0034081	14.229
1	2021-12-03 08:06:00	-0.0089745	-0.018176	-0.0068161	14.247
1	2021-12-03 08:07:00	-0.0091449	-0.018176	-0.0034081	14.259
1	2021-12-03 08:08:00	-0.0089177	-0.01136	-0.0056801	14.293
1	2021-12-03 08:09:00	-0.0088609	-0.010224	-0.001136	14.205
1	2021-12-03 08:10:00	-0.0091071	-0.01136	-0.0079521	14.228
1	2021-12-03 08:11:00	-0.0090313	-0.010224	-0.0079521	14.278
1	2021-12-03 08:12:00	-0.0087095	-0.01136	0.001136	14.259
1	2021-12-03 08:13:00	-0.0089745	-0.013632	-0.0068161	14.246
1	2021-12-03 08:14:00	-0.0089177	-0.01136	-0.0056801	14.319
1	2021-12-03 08:15:00	-0.0086337	-0.01136	0.001136	14.305
1	2021-12-03 08:16:00	-0.0089556	-0.018176	-0.0068161	14.306
1	2021-12-03 08:17:00	-0.0090881	-0.013632	-0.0034081	14.307
1	2021-12-03 08:18:00	-0.0087663	-0.010224	-0.0056801	14.36
1	2021-12-03 08:19:00	-0.008842	-0.01136	0	14.272
1	2021-12-03 08:20:00	-0.0089556	-0.012496	-0.0056801	14.295
1	2021-12-03 08:21:00	-0.0088988	-0.01704	-0.0056801	14.309
1	2021-12-03 08:22:00	-0.0087473	-0.010224	-0.002272	14.283
1	2021-12-03 08:23:00	-0.0088041	-0.01136	-0.0045441	14.269
1	2021-12-03 08:24:00	-0.0086148	-0.010224	-0.0045441	14.243
1	2021-12-03 08:25:00	-0.0085959	-0.010224	-0.0056801	14.236
1	2021-12-03 08:26:00	-0.0088041	-0.01136	-0.0068161	14.205
1	2021-12-03 08:27:00	-0.0088041	-0.013632	-0.0056801	14.279
1	2021-12-03 08:28:00	-0.0085959	-0.01136	-0.001136	14.249
1	2021-12-03 08:29:00	-0.0089556	-0.014768	-0.0068161	14.219
1	2021-12-03 08:30:00	-0.0084444	-0.010224	-0.0056801	14.298
1	2021-12-03 08:31:00	-0.0085769	-0.012496	-0.0034081	14.288
1	2021-12-03 08:32:00	-0.0087473	-0.01136	-0.001136	14.272
1	2021-12-03 08:33:00	-0.0084823	-0.010224	-0.002272	14.291
1	2021-12-03 08:34:00	-0.0089367	-0.019312	-0.0034081	14.28
1	2021-12-03 08:35:00	-0.0087095	-0.01136	-0.0056801	14.271
1	2021-12-03 08:36:00	-0.0084444	-0.010224	-0.001136	14.258
1	2021-12-03 08:37:00	-0.0088231	-0.013632	-0.0068161	14.262
1	2021-12-03 08:38:00	-0.0086148	-0.01136	-0.0068161	14.241
1	2021-12-03 08:39:00	-0.0086527	-0.010224	-0.0056801	14.215
1	2021-12-03 08:40:00	-0.0088231	-0.012496	-0.0056801	14.254
1	2021-12-03 08:41:00	-0.0086905	-0.01136	-0.0034081	14.306
1	2021-12-03 08:42:00	-0.0089367	-0.01136	-0.0068161	14.229
1	2021-12-03 08:43:00	-0.0087663	-0.010224	-0.0056801	14.265
1	2021-12-03 08:44:00	-0.0089745	-0.01136	-0.0045441	14.249
1	2021-12-03 08:45:00	-0.0088799	-0.015904	-0.0068161	14.259
1	2021-12-03 08:46:00	-0.0087473	-0.012496	-0.0068161	14.275
1	2021-12-03 08:47:00	-0.008842	-0.01136	-0.0068161	14.254
1	2021-12-03 08:48:00	-0.0088799	-0.015904	-0.0056801	14.266
1	2021-12-03 08:49:00	-0.0089935	-0.013632	-0.0056801	14.254
1	2021-12-03 08:50:00	-0.0090313	-0.014768	-0.0068161	14.346
1	2021-12-03 08:51:00	-0.0086527	-0.010224	-0.0034081	14.309
1	2021-12-03 08:52:00	-0.0088799	-0.012496	-0.0045441	14.327
1	2021-12-03 08:53:00	-0.008842	-0.019312	-0.0045441	14.358
1	2021-12-03 08:54:00	-0.008842	-0.019312	-0.0045441	14.305
1	2021-12-03 08:55:00	-0.0086148	-0.01136	-0.0045441	14.189
1	2021-12-03 08:56:00	-0.0091071	-0.01136	-0.0056801	14.295
1	2021-12-03 08:57:00	-0.0088988	-0.012496	-0.0068161	14.257
1	2021-12-03 08:58:00	-0.0086716	-0.01136	-0.0068161	14.217
1	2021-12-03 08:59:00	-0.0085012	-0.010224	-0.0045441	14.306
1	2021-12-03 09:00:00	-0.008842	-0.01136	-0.0068161	14.296
1	2021-12-03 09:01:00	-0.0086716	-0.01136	-0.0056801	14.272
1	2021-12-03 09:02:00	-0.0086337	-0.012496	-0.0068161	14.348
1	2021-12-03 09:03:00	-0.0085959	-0.010224	-0.0068161	14.281
1	2021-12-03 09:04:00	-0.0086716	-0.01136	-0.0056801	14.279
1	2021-12-03 09:05:00	-0.0087095	-0.015904	-0.002272	14.282
1	2021-12-03 09:06:00	-0.0085959	-0.013632	-0.0068161	14.286
1	2021-12-03 09:07:00	-0.0088609	-0.015904	-0.0056801	14.219
1	2021-12-03 09:08:00	-0.0085769	-0.010224	-0.0068161	14.244
1	2021-12-03 09:09:00	-0.008558	-0.010224	-0.0056801	14.257
1	2021-12-03 09:10:00	-0.0085959	-0.013632	-0.0045441	14.263
1	2021-12-03 09:11:00	-0.0087284	-0.012496	-0.0056801	14.232
1	2021-12-03 09:12:00	-0.0087852	-0.01136	-0.0056801	14.301
1	2021-12-03 09:13:00	-0.0084633	-0.010224	-0.0068161	14.285
1	2021-12-03 09:14:00	-0.0084633	-0.010224	-0.0056801	14.209
1	2021-12-03 09:15:00	-0.0083497	-0.012496	-0.0056801	14.285
1	2021-12-03 09:16:00	-0.0083308	-0.010224	-0.0068161	14.236
1	2021-12-03 09:17:00	-0.0085769	-0.010224	-0.0056801	14.242
1	2021-12-03 09:18:00	-0.0084633	-0.010224	-0.0045441	14.217
1	2021-12-03 09:19:00	-0.0083876	-0.010224	-0.0056801	14.219
1	2021-12-03 09:20:00	-0.0081415	-0.01136	0	14.204
1	2021-12-03 09:21:00	-0.0084823	-0.015904	-0.0034081	14.227
1	2021-12-03 09:22:00	-0.008558	-0.012496	-0.0068161	14.238
1	2021-12-03 09:23:00	-0.0084444	-0.012496	-0.0045441	14.287
1	2021-12-03 09:24:00	-0.0088231	-0.012496	-0.0068161	14.24
1	2021-12-03 09:25:00	-0.0085769	-0.014768	-0.0068161	14.236
1	2021-12-03 09:26:00	-0.0085769	-0.01136	-0.0056801	14.222
1	2021-12-03 09:27:00	-0.0091828	-0.015904	-0.0068161	14.29
1	2021-12-03 09:28:00	-0.0085354	-0.01136	-0.0034081	14.316
1	2021-12-03 09:29:00	-0.0085769	-0.010224	-0.0068161	14.352
1	2021-12-03 09:30:00	-0.008842	-0.013632	-0.0068161	14.293
1	2021-12-03 09:31:00	-0.0088041	-0.015904	-0.0068161	14.267
1	2021-12-03 09:32:00	-0.0088988	-0.012496	-0.0045441	14.31
1	2021-12-03 09:33:00	-0.0087095	-0.010224	-0.0068161	14.29
1	2021-12-03 09:34:00	-0.0088609	-0.010224	-0.0068161	14.263
1	2021-12-03 09:35:00	-0.0089367	-0.012496	-0.0079521	14.293
1	2021-12-03 09:36:00	-0.0089935	-0.010224	-0.0079521	14.237
1	2021-12-03 09:37:00	-0.0089935	-0.01136	-0.0068161	14.188
1	2021-12-03 09:38:00	-0.0088041	-0.014768	0.002272	14.265
1	2021-12-03 09:39:00	-0.0090124	-0.01136	-0.0068161	14.273
1	2021-12-03 09:40:00	-0.0088988	-0.012496	-0.0068161	14.19
1	2021-12-03 09:41:00	-0.0089745	-0.01136	-0.0045441	14.173
1	2021-12-03 09:42:00	-0.0091071	-0.01136	-0.0056801	14.262
1	2021-12-03 09:43:00	-0.008842	-0.012496	0.0034081	14.216
1	2021-12-03 09:44:00	-0.0089745	-0.01136	-0.0068161	14.216
1	2021-12-03 09:45:00	-0.0089935	-0.014768	-0.0068161	14.284
1	2021-12-03 09:46:00	-0.0090881	-0.010224	-0.0079521	14.261
1	2021-12-03 09:47:00	-0.0089367	-0.010224	-0.0068161	14.248
1	2021-12-03 09:48:00	-0.0089367	-0.012496	-0.0068161	14.242
1	2021-12-03 09:49:00	-0.0089935	-0.01136	-0.0056801	14.244
1	2021-12-03 09:50:00	-0.0090692	-0.018176	-0.0068161	14.249
1	2021-12-03 09:51:00	-0.0091449	-0.01704	-0.0056801	14.165
1	2021-12-03 09:52:00	-0.0086905	-0.01136	-0.0034081	14.238
1	2021-12-03 09:53:00	-0.0090503	-0.01136	-0.0045441	14.145
1	2021-12-03 09:54:00	-0.0087473	-0.010224	-0.0056801	14.193
1	2021-12-03 09:55:00	-0.0091828	-0.010224	-0.0068161	14.249
1	2021-12-03 09:56:00	-0.0091449	-0.012496	0	14.236
1	2021-12-03 09:57:00	-0.0091449	-0.013632	0.001136	14.221
1	2021-12-03 09:58:00	-0.0090881	-0.014768	-0.0068161	14.27
1	2021-12-03 09:59:00	-0.0095199	-0.020448	-0.0068161	14.245
1	2021-12-03 10:00:00	-0.0092017	-0.01136	-0.0045441	14.225
1	2021-12-03 10:01:00	-0.0090881	-0.014768	-0.002272	14.295
1	2021-12-03 10:02:00	-0.0087284	-0.013632	-0.0034081	14.258
1	2021-12-03 10:03:00	-0.0090503	-0.014768	-0.0045441	14.23
1	2021-12-03 10:04:00	-0.0091828	-0.015904	-0.0079521	14.277
1	2021-12-03 10:05:00	-0.0087663	-0.01136	-0.0056801	14.28
1	2021-12-03 10:06:00	-0.0089367	-0.012496	-0.0056801	14.222
1	2021-12-03 10:07:00	-0.0091071	-0.012496	-0.0056801	14.319
1	2021-12-03 10:08:00	-0.0091828	-0.013632	-0.0068161	14.311
1	2021-12-03 10:09:00	-0.0092775	-0.01136	-0.0068161	14.243
1	2021-12-03 10:10:00	-0.0089367	-0.01136	-0.0056801	14.229
1	2021-12-03 10:11:00	-0.0088609	-0.010224	-0.0034081	14.218
1	2021-12-03 10:12:00	-0.0088799	-0.010224	-0.0056801	14.196
1	2021-12-03 10:13:00	-0.0089935	-0.01136	-0.0068161	14.209
1	2021-12-03 10:14:00	-0.0089556	-0.012496	-0.0045441	14.217
1	2021-12-03 10:15:00	-0.0091639	-0.01136	-0.0079521	14.254
1	2021-12-03 10:16:00	-0.0089556	-0.01136	-0.0068161	14.236
1	2021-12-03 10:17:00	-0.009126	-0.014768	-0.0034081	14.256
1	2021-12-03 10:18:00	-0.0090881	-0.01136	-0.0068161	14.214
1	2021-12-03 10:19:00	-0.0092017	-0.015904	-0.0079521	14.196
1	2021-12-03 10:20:00	-0.0090881	-0.010224	-0.0056801	14.201
1	2021-12-03 10:21:00	-0.0090503	-0.013632	-0.0045441	14.222
1	2021-12-03 10:22:00	-0.0091449	-0.01136	-0.0068161	14.168
1	2021-12-03 10:23:00	-0.0092017	-0.012496	-0.0068161	14.17
1	2021-12-03 10:24:00	-0.0088231	-0.01136	0	14.212
1	2021-12-03 10:25:00	-0.0089745	-0.010224	-0.0056801	14.235
1	2021-12-03 10:26:00	-0.0091071	-0.012496	-0.0068161	14.198
1	2021-12-03 10:27:00	-0.0093532	-0.013632	-0.0068161	14.208
1	2021-12-03 10:28:00	-0.0094668	-0.014768	-0.0056801	14.22
1	2021-12-03 10:29:00	-0.0089745	-0.01704	-0.0056801	14.196
1	2021-12-03 10:30:00	-0.0092207	-0.012496	-0.0068161	14.214
1	2021-12-03 10:31:00	-0.0092585	-0.012496	-0.0045441	14.247
1	2021-12-03 10:32:00	-0.0090881	-0.012496	-0.001136	14.206
1	2021-12-03 10:33:00	-0.0086527	-0.01136	-0.002272	14.249
1	2021-12-03 10:34:00	-0.0090503	-0.012496	-0.0068161	14.181
1	2021-12-03 10:35:00	-0.009126	-0.01136	-0.0056801	14.145
1	2021-12-03 10:36:00	-0.0092585	-0.01704	-0.0068161	14.149
1	2021-12-03 10:37:00	-0.0092207	-0.013632	-0.0068161	14.169
1	2021-12-03 10:38:00	-0.0092964	-0.019312	-0.0045441	14.178
1	2021-12-03 10:39:00	-0.0088231	-0.012496	-0.0034081	14.2
1	2021-12-03 10:40:00	-0.009126	-0.01136	-0.0068161	14.224
1	2021-12-03 10:41:00	-0.0091828	-0.010224	-0.0068161	14.241
1	2021-12-03 10:42:00	-0.0093532	-0.014768	-0.0068161	14.21
1	2021-12-03 10:43:00	-0.0091071	-0.01136	-0.0068161	14.207
1	2021-12-03 10:44:00	-0.0091639	-0.018176	-0.0034081	14.277
1	2021-12-03 10:45:00	-0.0090124	-0.012496	-0.0056801	14.17
1	2021-12-03 10:46:00	-0.0087663	-0.014768	0	14.215
1	2021-12-03 10:47:00	-0.0089367	-0.012496	-0.0034081	14.188
1	2021-12-03 10:48:00	-0.0090503	-0.01136	-0.0068161	14.158
1	2021-12-03 10:49:00	-0.0087663	-0.01136	-0.001136	14.2
1	2021-12-03 10:50:00	-0.0091071	-0.013632	-0.0056801	14.159
1	2021-12-03 10:51:00	-0.0086716	-0.01136	0.001136	14.164
1	2021-12-03 10:52:00	-0.0087852	-0.01136	-0.0056801	14.119
1	2021-12-03 10:53:00	-0.0090313	-0.01136	-0.0068161	14.135
1	2021-12-03 10:54:00	-0.0089745	-0.010224	-0.0056801	14.14
1	2021-12-03 10:55:00	-0.0086148	-0.01704	-0.002272	14.147
1	2021-12-03 10:56:00	-0.008558	-0.010224	-0.0045441	14.169
1	2021-12-03 10:57:00	-0.0088041	-0.01136	-0.0056801	14.169
1	2021-12-03 10:58:00	-0.0088988	-0.019312	-0.0068161	14.156
1	2021-12-03 10:59:00	-0.0086148	-0.01136	-0.0045441	14.2
1	2021-12-03 11:00:00	-0.0087095	-0.01136	-0.0034081	14.187
1	2021-12-03 11:01:00	-0.0088799	-0.01136	-0.0056801	14.153
1	2021-12-03 11:02:00	-0.0086905	-0.010224	-0.0056801	14.15
1	2021-12-03 11:03:00	-0.008842	-0.013632	0	14.159
1	2021-12-03 11:04:00	-0.008842	-0.012496	-0.0068161	14.199
1	2021-12-03 11:05:00	-0.0089935	-0.010224	-0.001136	14.136
1	2021-12-03 11:06:00	-0.0090503	-0.012496	-0.0068161	14.175
1	2021-12-03 11:07:00	-0.0089745	-0.013632	-0.0068161	14.183
1	2021-12-03 11:08:00	-0.0087284	-0.013632	-0.0056801	14.146
1	2021-12-03 11:09:00	-0.0090124	-0.010224	-0.0068161	14.196
1	2021-12-03 11:10:00	-0.0092017	-0.013632	-0.0068161	14.165
1	2021-12-03 11:11:00	-0.0087284	-0.012496	-0.0045441	14.138
1	2021-12-03 11:12:00	-0.0089177	-0.012496	-0.0068161	14.167
1	2021-12-03 11:13:00	-0.0085769	-0.010224	-0.0034081	14.21
1	2021-12-03 11:14:00	-0.0088231	-0.01136	-0.0056801	14.207
1	2021-12-03 11:15:00	-0.0084065	-0.010224	-0.002272	14.212
1	2021-12-03 11:16:00	-0.0092017	-0.012496	-0.0079521	14.222
1	2021-12-03 11:17:00	-0.0088231	-0.010224	-0.0056801	14.269
1	2021-12-03 11:18:00	-0.0085354	-0.01136	-0.0034081	14.186
1	2021-12-03 11:19:00	-0.0091071	-0.018176	-0.0068161	14.235
1	2021-12-03 11:20:00	-0.0086905	-0.012496	-0.0045441	14.245
1	2021-12-03 11:21:00	-0.0086527	-0.013632	0	14.27
1	2021-12-03 11:22:00	-0.0087095	-0.01136	-0.0045441	14.224
1	2021-12-03 11:23:00	-0.0088041	-0.010224	-0.0068161	14.213
1	2021-12-03 11:24:00	-0.0087095	-0.013632	-0.0034081	14.273
1	2021-12-03 11:25:00	-0.0087663	-0.012496	-0.0056801	14.22
1	2021-12-03 11:26:00	-0.0086905	-0.01136	-0.0045441	14.222
1	2021-12-03 11:27:00	-0.0087473	-0.010224	-0.0079521	14.194
1	2021-12-03 11:28:00	-0.0088609	-0.010224	-0.0079521	14.18
1	2021-12-03 11:29:00	-0.0087663	-0.010224	-0.0079521	14.119
1	2021-12-03 11:30:00	-0.0087852	-0.010224	-0.0079521	14.152
1	2021-12-03 11:31:00	-0.0089177	-0.012496	-0.002272	14.138
1	2021-12-03 11:32:00	-0.0089367	-0.013632	-0.0045441	14.102
1	2021-12-03 11:33:00	-0.0083876	-0.01136	-0.0068161	14.171
1	2021-12-03 11:34:00	-0.0085769	-0.010224	-0.0068161	14.246
1	2021-12-03 11:35:00	-0.0088609	-0.01136	-0.0079521	14.275
1	2021-12-03 11:36:00	-0.0088041	-0.01136	-0.0045441	14.214
1	2021-12-03 11:37:00	-0.0089935	-0.013632	-0.0068161	14.261
1	2021-12-03 11:38:00	-0.0087852	-0.012496	-0.0068161	14.087
1	2021-12-03 11:39:00	-0.0086337	-0.0090881	-0.0079521	14.157
1	2021-12-03 11:40:00	-0.0086337	-0.013632	-0.0068161	14.273
1	2021-12-03 11:41:00	-0.0087284	-0.012496	-0.0056801	14.222
1	2021-12-03 11:42:00	-0.0088799	-0.01136	-0.0079521	14.164
1	2021-12-03 11:43:00	-0.0087473	-0.01136	-0.0068161	14.254
1	2021-12-03 11:44:00	-0.0089367	-0.010224	-0.0068161	14.273
1	2021-12-03 11:45:00	-0.008842	-0.010224	-0.0079521	14.257
1	2021-12-03 11:46:00	-0.0088799	-0.012496	-0.0068161	14.222
1	2021-12-03 11:47:00	-0.0085769	-0.013632	-0.0068161	14.286
1	2021-12-03 11:48:00	-0.0089177	-0.01136	-0.0068161	14.194
1	2021-12-03 11:49:00	-0.0086337	-0.01136	-0.0056801	14.183
1	2021-12-03 11:50:00	-0.008558	-0.010224	-0.0034081	14.284
1	2021-12-03 11:51:00	-0.0083497	-0.010224	-0.0034081	14.132
1	2021-12-03 11:52:00	-0.0085959	-0.01136	-0.0056801	14.164
1	2021-12-03 11:53:00	-0.0086527	-0.010224	-0.0068161	14.147
1	2021-12-03 11:54:00	-0.0088799	-0.014768	-0.0056801	14.152
1	2021-12-03 11:55:00	-0.0087284	-0.012496	-0.0068161	14.13
1	2021-12-03 11:56:00	-0.0084633	-0.01136	-0.0045441	14.159
1	2021-12-03 11:57:00	-0.0083497	-0.010224	-0.0056801	14.178
1	2021-12-03 11:58:00	-0.0086716	-0.01136	-0.0068161	14.11
1	2021-12-03 11:59:00	-0.0090881	-0.024992	-0.0056801	14.079
1	2021-12-03 12:00:00	-0.0087852	-0.015904	-0.0056801	14.072
1	2021-12-03 12:01:00	-0.0083119	-0.01136	-0.0056801	14.075
1	2021-12-03 12:02:00	-0.0085201	-0.01136	0	14.026
1	2021-12-03 12:03:00	-0.0086716	-0.01136	-0.0068161	14.104
1	2021-12-03 12:04:00	-0.0080657	-0.01136	0.0068161	14.113
1	2021-12-03 12:05:00	-0.0084633	-0.012496	-0.0034081	14.036
1	2021-12-03 12:06:00	-0.0086716	-0.012496	-0.0056801	14.102
1	2021-12-03 12:07:00	-0.0082361	-0.0090881	-0.0034081	14.1
1	2021-12-03 12:08:00	-0.0084255	-0.010224	0.001136	14.02
1	2021-12-03 12:09:00	-0.0084633	-0.012496	-0.0045441	14.061
1	2021-12-03 12:10:00	-0.0084065	-0.01136	-0.0056801	14.077
1	2021-12-03 12:11:00	-0.0084065	-0.010224	-0.0056801	14.056
1	2021-12-03 12:12:00	-0.0084444	-0.010224	-0.0045441	14.106
1	2021-12-03 12:13:00	-0.0084633	-0.01136	-0.0034081	14.082
1	2021-12-03 12:14:00	-0.0080279	-0.010224	-0.001136	14.123
1	2021-12-03 12:15:00	-0.0085201	-0.013632	-0.0056801	14.073
1	2021-12-03 12:16:00	-0.0081036	-0.012496	-0.0056801	14.144
1	2021-12-03 12:17:00	-0.0082172	-0.012496	-0.0056801	14.08
1	2021-12-03 12:18:00	-0.0082929	-0.010224	-0.0045441	14.081
1	2021-12-03 12:19:00	-0.0086148	-0.01704	-0.002272	14.051
1	2021-12-03 12:20:00	-0.008274	-0.012496	0.001136	14.04
1	2021-12-03 12:21:00	-0.0086148	-0.01704	-0.0045441	14.035
1	2021-12-03 12:22:00	-0.0083119	-0.012496	-0.002272	14.083
1	2021-12-03 12:23:00	-0.0080847	-0.01136	0	14.108
1	2021-12-03 12:24:00	-0.0082929	-0.013632	-0.0056801	14.097
1	2021-12-03 12:25:00	-0.0083876	-0.012496	-0.0056801	14.043
1	2021-12-03 12:26:00	-0.0083119	-0.010224	-0.0056801	14.038
1	2021-12-03 12:27:00	-0.0079711	-0.0090881	-0.0045441	14.062
1	2021-12-03 12:28:00	-0.0081793	-0.01136	-0.0034081	14.061
1	2021-12-03 12:29:00	-0.0083308	-0.012496	-0.002272	14.129
1	2021-12-03 12:30:00	-0.0084065	-0.010224	-0.0056801	14.092
1	2021-12-03 12:31:00	-0.0081604	-0.01136	-0.0034081	14.113
1	2021-12-03 12:32:00	-0.0081793	-0.01136	-0.0056801	14.116
1	2021-12-03 12:33:00	-0.0081036	-0.012496	-0.002272	14.163
1	2021-12-03 12:34:00	-0.0080089	-0.01136	0.0045441	14.152
1	2021-12-03 12:35:00	-0.0081604	-0.010224	-0.0056801	14.09
1	2021-12-03 12:36:00	-0.0083308	-0.010224	-0.0045441	14.108
1	2021-12-03 12:37:00	-0.008274	-0.01136	-0.002272	14.037
1	2021-12-03 12:38:00	-0.0083876	-0.018176	-0.0056801	14.082
1	2021-12-03 12:39:00	-0.0083119	-0.014768	-0.0034081	14.093
1	2021-12-03 12:40:00	-0.0084823	-0.01136	-0.0034081	14.118
1	2021-12-03 12:41:00	-0.0085201	-0.013632	-0.0056801	14.073
1	2021-12-03 12:42:00	-0.0082361	-0.013632	-0.0045441	14.118
1	2021-12-03 12:43:00	-0.0080847	-0.01136	0.001136	14.149
1	2021-12-03 12:44:00	-0.0085201	-0.010224	-0.0068161	14.07
1	2021-12-03 12:45:00	-0.0085769	-0.013632	-0.001136	14.018
1	2021-12-03 12:46:00	-0.0088231	-0.012496	-0.0045441	14.081
1	2021-12-03 12:47:00	-0.0081983	-0.012496	-0.002272	14.09
1	2021-12-03 12:48:00	-0.0086148	-0.018176	-0.0056801	14.087
1	2021-12-03 12:49:00	-0.0084823	-0.012496	-0.001136	14.119
1	2021-12-03 12:50:00	-0.0086337	-0.013632	-0.0056801	14.066
1	2021-12-03 12:51:00	-0.0081983	-0.01704	-0.001136	14.056
1	2021-12-03 12:52:00	-0.0086337	-0.02272	-0.001136	14.058
1	2021-12-03 12:53:00	-0.008274	-0.013632	-0.0045441	14.109
1	2021-12-03 12:54:00	-0.0083308	-0.013632	-0.002272	14.044
1	2021-12-03 12:55:00	-0.0084444	-0.012496	-0.0056801	14.03
1	2021-12-03 12:56:00	-0.0080089	-0.01136	-0.0034081	14.054
1	2021-12-03 12:57:00	-0.0079143	-0.01136	-0.0034081	14.023
1	2021-12-03 12:58:00	-0.0082361	-0.012496	-0.0045441	14.092
1	2021-12-03 12:59:00	-0.0082551	-0.01136	-0.0056801	14.124
1	2021-12-03 13:00:00	-0.0078575	-0.012496	-0.0056801	14.028
1	2021-12-03 13:01:00	-0.0078764	-0.01136	-0.002272	14.066
1	2021-12-03 13:02:00	-0.0078196	-0.010224	-0.001136	14.028
1	2021-12-03 13:03:00	-0.0079332	-0.012496	-0.0034081	14.055
1	2021-12-03 13:04:00	-0.0080089	-0.010224	-0.002272	14.098
1	2021-12-03 13:05:00	-0.0078007	-0.0090881	-0.001136	14.179
1	2021-12-03 13:06:00	-0.0083119	-0.012496	-0.0034081	14.123
1	2021-12-03 13:07:00	-0.0080089	-0.010224	-0.0056801	14.102
1	2021-12-03 13:08:00	-0.0081225	-0.010224	-0.0056801	14.176
1	2021-12-03 13:09:00	-0.0079521	-0.0090881	-0.0056801	14.11
1	2021-12-03 13:10:00	0.046425	-0.0090881	0.11815	14.09
1	2021-12-03 13:11:00	0.10715	0.10111	0.11372	14.118
1	2021-12-03 13:12:00	0.10309	0.098833	0.10679	14.073
1	2021-12-03 13:13:00	0.10152	0.094289	0.10451	13.997
1	2021-12-03 13:14:00	0.1002	0.097697	0.10224	14.089
1	2021-12-03 13:15:00	0.098531	0.096561	0.10224	14.147
1	2021-12-03 13:16:00	0.097944	0.096561	0.099969	14.088
1	2021-12-03 13:17:00	0.098038	0.096561	0.098833	14.058
1	2021-12-03 13:18:00	0.097697	0.096561	0.099969	14.081
1	2021-12-03 13:19:00	0.097376	0.096561	0.097697	14.136
1	2021-12-03 13:20:00	0.097641	0.094289	0.098833	14.068
1	2021-12-03 13:21:00	0.097716	0.096561	0.098833	14.061
1	2021-12-03 13:22:00	0.097376	0.095425	0.098833	14.107
1	2021-12-03 13:23:00	0.097357	0.095425	0.098833	14.139
1	2021-12-03 13:24:00	0.097811	0.096561	0.098833	14.111
1	2021-12-03 13:25:00	0.098322	0.097697	0.099969	14.108
1	2021-12-03 13:26:00	0.097963	0.096561	0.098833	14.093
1	2021-12-03 13:27:00	0.097603	0.095425	0.098833	14.086
1	2021-12-03 13:28:00	0.098133	0.096561	0.098833	14.079
1	2021-12-03 13:29:00	0.098057	0.096561	0.098833	14.123
1	2021-12-03 13:30:00	0.098	0.097697	0.098833	14.137
1	2021-12-03 13:31:00	0.098095	0.096561	0.099969	14.073
1	2021-12-03 13:32:00	0.098436	0.097697	0.098833	14.092
1	2021-12-03 13:33:00	0.098038	0.096561	0.098833	14.123
1	2021-12-03 13:34:00	0.097849	0.096561	0.098833	14.073
1	2021-12-03 13:35:00	0.098247	0.097697	0.099969	14.081
1	2021-12-03 13:36:00	0.09836	0.096561	0.099969	14.108
1	2021-12-03 13:37:00	0.098265	0.096561	0.099969	14.091
1	2021-12-03 13:38:00	0.098133	0.095425	0.098833	14.139
1	2021-12-03 13:39:00	0.09836	0.096561	0.099969	14.104
1	2021-12-03 13:40:00	0.098474	0.096561	0.10111	14.144
1	2021-12-03 13:41:00	0.098512	0.096561	0.099969	14.136
1	2021-12-03 13:42:00	0.098587	0.096561	0.099969	14.047
1	2021-12-03 13:43:00	0.098739	0.094289	0.10111	14.129
1	2021-12-03 13:44:00	0.098209	0.096561	0.099969	14.195
1	2021-12-03 13:45:00	0.098019	0.096561	0.098833	14.173
1	2021-12-03 13:46:00	0.098171	0.095425	0.098833	14.163
1	2021-12-03 13:47:00	0.098019	0.096561	0.098833	14.219
1	2021-12-03 13:48:00	0.098038	0.096561	0.099969	14.21
1	2021-12-03 13:49:00	0.098152	0.093153	0.099969	14.134
1	2021-12-03 13:50:00	0.098512	0.096561	0.099969	14.168
1	2021-12-03 13:51:00	0.098739	0.097697	0.099969	14.133
1	2021-12-03 13:52:00	0.098777	0.097697	0.099969	14.121
1	2021-12-03 13:53:00	0.098871	0.096561	0.099969	14.111
1	2021-12-03 13:54:00	0.098777	0.096561	0.099969	14.144
1	2021-12-03 13:55:00	0.098531	0.096561	0.10224	14.17
1	2021-12-03 13:56:00	0.098796	0.097697	0.099969	14.092
1	2021-12-03 13:57:00	0.098871	0.097697	0.10111	14.146
1	2021-12-03 13:58:00	0.098512	0.095425	0.098833	14.183
1	2021-12-03 13:59:00	0.098493	0.097697	0.099969	14.141
1	2021-12-03 14:00:00	0.098322	0.097697	0.099969	14.174
1	2021-12-03 14:01:00	0.09836	0.096561	0.10111	14.145
1	2021-12-03 14:02:00	0.098455	0.097697	0.099969	14.141
1	2021-12-03 14:03:00	0.022417	-0.0079521	0.098833	14.169
1	2021-12-03 14:04:00	-0.0074409	-0.0079521	-0.0056801	14.196
1	2021-12-03 14:05:00	-0.0075545	-0.0079521	-0.0068161	14.154
1	2021-12-03 14:06:00	-0.007687	-0.0079521	-0.0068161	14.19
1	2021-12-03 14:07:00	-0.0075356	-0.010224	-0.0056801	14.162
1	2021-12-03 14:08:00	-0.0076681	-0.0090881	-0.0068161	14.197
1	2021-12-03 14:09:00	-0.0076113	-0.014768	-0.0056801	14.222
1	2021-12-03 14:10:00	-0.0073841	-0.0079521	-0.0056801	14.115
1	2021-12-03 14:11:00	-0.0072705	-0.0090881	-0.0068161	14.159
1	2021-12-03 14:12:00	-0.0072516	-0.0079521	-0.0068161	14.247
1	2021-12-03 14:13:00	-0.0073084	-0.0079521	-0.0068161	14.16
1	2021-12-03 14:14:00	-0.007422	-0.010224	-0.0068161	14.173
1	2021-12-03 14:15:00	-0.0078007	-0.0090881	-0.0068161	14.232
1	2021-12-03 14:16:00	-0.0074977	-0.0079521	-0.0068161	14.176
1	2021-12-03 14:17:00	-0.0073084	-0.0079521	-0.0068161	14.132
1	2021-12-03 14:18:00	-0.0072705	-0.0079521	-0.0045441	14.17
1	2021-12-03 14:19:00	-0.0070054	-0.0079521	-0.0068161	14.158
1	2021-12-03 14:20:00	-0.0073273	-0.0079521	-0.0056801	14.113
1	2021-12-03 14:21:00	-0.0069865	-0.0090881	-0.0068161	14.171
1	2021-12-03 14:22:00	-0.0070244	-0.0079521	-0.0056801	14.209
1	2021-12-03 14:23:00	-0.0070622	-0.010224	-0.0068161	14.211
1	2021-12-03 14:24:00	-0.0068918	-0.0079521	-0.0068161	14.164
1	2021-12-03 14:25:00	-0.006835	-0.0079521	-0.0068161	14.205
1	2021-12-03 14:26:00	-0.0067404	-0.0068161	-0.0056801	14.182
1	2021-12-03 14:27:00	-0.0067972	-0.0090881	-0.0056801	14.223
1	2021-12-03 14:28:00	-0.0066268	-0.0079521	-0.0056801	14.176
1	2021-12-03 14:29:00	-0.0063617	-0.0079521	-0.0056801	14.212
1	2021-12-03 14:30:00	-0.0057748	-0.0068161	-0.0045441	14.149
1	2021-12-03 14:31:00	-0.0056801	-0.0068161	-0.0045441	14.14
1	2021-12-03 14:32:00	-0.005415	-0.0068161	-0.0045441	14.208
1	2021-12-03 14:33:00	-0.0046955	-0.0068161	-0.0034081	14.092
1	2021-12-03 14:34:00	-0.0041086	-0.0045441	-0.0034081	14.152
1	2021-12-03 14:35:00	-0.003427	-0.0056801	-0.002272	14.152
1	2021-12-03 14:36:00	-0.0021584	-0.0034081	-0.001136	14.186
1	2021-12-03 14:37:00	0.6388	-0.001136	37.225	14.118
1	2021-12-03 14:38:00	0.0013064	-0.001136	0.002272	14.196
1	2021-12-03 14:39:00	0.0033891	0.002272	0.0045441	14.137
1	2021-12-03 14:40:00	0.0063996	0.0045441	0.0090881	14.113
1	2021-12-03 14:41:00	0.012458	0.0079521	0.015904	14.141
1	2021-12-03 14:42:00	0.019615	0.013632	0.023856	14.156
1	2021-12-03 14:43:00	0.027851	0.02272	0.034081	14.101
1	2021-12-03 14:44:00	0.037754	0.032944	0.045441	14.135
1	2021-12-03 14:45:00	0.047675	0.040897	0.054529	14.126
1	2021-12-03 14:46:00	0.064109	0.053393	0.077249	14.135
1	2021-12-03 14:47:00	0.092112	0.077249	0.11133	14.068
1	2021-12-03 14:48:00	0.12757	0.10338	0.14087	14.097
1	2021-12-03 14:49:00	0.15069	0.13746	0.17267	14.181
1	2021-12-03 14:50:00	0.19691	0.16927	0.22493	14.106
1	2021-12-03 14:51:00	0.26115	0.22493	0.309	14.138
1	2021-12-03 14:52:00	0.36773	0.2965	0.43623	14.131
1	2021-12-03 14:53:00	0.50617	0.44305	0.58505	14.123
1	2021-12-03 14:54:00	0.642	0.57482	0.71796	14.145
1	2021-12-03 14:55:00	0.783	0.71455	0.88041	14.15
1	2021-12-03 14:56:00	0.96014	0.82361	1.1019	14.163
1	2021-12-03 14:57:00	1.2187	1.0838	1.3791	14.085
1	2021-12-03 14:58:00	1.5658	1.3916	1.7211	14.102
1	2021-12-03 14:59:00	1.9294	1.7188	2.1505	14.213
1	2021-12-03 15:00:00	2.4364	2.1641	2.6912	14.108
1	2021-12-03 15:01:00	2.9743	2.689	3.2388	14.155
1	2021-12-03 15:02:00	3.5557	3.2263	3.9477	14.184
1	2021-12-03 15:03:00	4.2281	3.9227	4.51	14.15
1	2021-12-03 15:04:00	4.8643	4.5259	5.2507	14.171
1	2021-12-03 15:05:00	5.7077	5.2677	6.2129	14.176
1	2021-12-03 15:06:00	6.7156	6.1754	7.3443	14.156
1	2021-12-03 15:07:00	7.7953	7.3012	8.2486	14.098
1	2021-12-03 15:08:00	8.6726	8.1827	9.1529	14.128
1	2021-12-03 15:09:00	9.7143	9.0609	10.297	14.192
1	2021-12-03 15:10:00	10.803	10.31	11.403	14.128
1	2021-12-03 15:11:00	12.014	11.303	12.826	14.091
1	2021-12-03 15:12:00	13.478	12.775	14.516	14.168
1	2021-12-03 15:13:00	14.996	14.076	16.131	14.113
1	2021-12-03 15:14:00	16.704	15.585	17.793	14.136
1	2021-12-03 15:15:00	19.044	17.656	20.415	14.133
1	2021-12-03 15:16:00	21.806	20.356	23.403	14.045
1	2021-12-03 15:17:00	25.207	23.336	27.318	14.091
1	2021-12-03 15:18:00	29.313	27.03	31.513	14.139
1	2021-12-03 15:19:00	33.02	31.219	34.545	14.098
1	2021-12-03 15:20:00	34.634	34.152	35.171	14.112
1	2021-12-03 15:21:00	34.325	33.547	34.967	14.088
1	2021-12-03 15:22:00	34.667	33.865	35.671	14.132
1	2021-12-03 15:23:00	36.051	34.524	38.102	14.101
1	2021-12-03 15:24:00	40.218	36.955	44.089	14.082
1	2021-12-03 15:25:00	45.811	43.759	47.145	14.171
1	2021-12-03 15:26:00	44.838	44.009	46.372	14.185
1	2021-12-03 15:27:00	46.434	45.316	47.111	14.104
1	2021-12-03 15:28:00	46.61	45.282	47.576	14.142
1	2021-12-03 15:29:00	49.627	46.963	53.256	14.163
1	2021-12-03 15:30:00	56.633	53.007	58.698	14.128
1	2021-12-03 15:31:00	56.121	54.563	57.88	14.152
1	2021-12-03 15:32:00	55.774	53.995	57.176	14.171
1	2021-12-03 15:33:00	56.039	55.392	57.085	14.135
1	2021-12-03 15:34:00	56.207	55.517	57.039	14.094
1	2021-12-03 15:35:00	57.552	56.324	59.436	14.08
1	2021-12-03 15:36:00	62.365	57.88	67.423	14.117
1	2021-12-03 15:37:00	65.757	64.367	67.195	14.07
1	2021-12-03 15:38:00	64.248	63.515	65.185	14.128
1	2021-12-03 15:39:00	65.856	63.844	67.434	14.103
1	2021-12-03 15:40:00	74.871	67.741	87.712	14.097
1	2021-12-03 15:41:00	90.105	82.418	95.812	14.105
1	2021-12-03 15:42:00	76.908	74.273	81.895	14.074
1	2021-12-03 15:43:00	76.904	74.25	81.384	14.161
1	2021-12-03 15:44:00	87.802	79.805	96.664	14.181
1	2021-12-03 15:45:00	96.966	93.631	100.5	14.177
1	2021-12-03 15:46:00	93.413	89.836	96.277	14.162
1	2021-12-03 15:47:00	98.462	92.926	103.56	14.151
1	2021-12-03 15:48:00	102.75	98.788	105.83	14.183
1	2021-12-03 15:49:00	95.821	90.768	100.23	14.111
1	2021-12-03 15:50:00	94.529	90.893	97.891	14.154
1	2021-12-03 15:51:00	97.589	94.153	100.98	14.092
1	2021-12-03 15:52:00	103.72	97.697	109.68	14.148
1	2021-12-03 15:53:00	110.89	105.14	118.16	14.066
1	2021-12-03 15:54:00	112.76	109.38	117.67	14.144
1	2021-12-03 15:55:00	112.72	108.48	116.87	14.132
1	2021-12-03 15:56:00	112.17	108.6	115.6	14.129
1	2021-12-03 15:57:00	112.99	109.57	116.74	14.118
1	2021-12-03 15:58:00	114.08	110.42	119.52	14.175
1	2021-12-03 15:59:00	122.22	114.83	129.99	14.102
1	2021-12-03 16:00:00	122.3	116.93	128.27	14.098
1	2021-12-03 16:01:00	129.29	118.02	142.18	14.158
1	2021-12-03 16:02:00	140.09	128.8	150.35	14.114
1	2021-12-03 16:03:00	124.23	118.57	134.27	14.092
1	2021-12-03 16:04:00	128.24	123.16	132.35	14.118
1	2021-12-03 16:05:00	133.08	125.13	147.51	14.118
1	2021-12-03 16:06:00	165.74	142.66	192.34	14.129
1	2021-12-03 16:07:00	218.12	189.41	234.22	14.078
1	2021-12-03 16:08:00	176.16	153.42	218.23	14.118
1	2021-12-03 16:09:00	153.62	150.28	157.46	14.12
1	2021-12-03 16:10:00	169.98	151.02	199.18	14.1
1	2021-12-03 16:11:00	209.9	191.91	222.06	14.134
1	2021-12-03 16:12:00	200.74	185.16	231.87	14.113
1	2021-12-03 16:13:00	219.41	183.55	244.79	14.108
1	2021-12-03 16:14:00	170.63	162.93	191.11	14.12
1	2021-12-03 16:15:00	192.32	166.02	212.32	14.138
1	2021-12-03 16:16:00	188.87	176.54	213.49	14.159
1	2021-12-03 16:17:00	187.2	178.12	195.16	14.127
1	2021-12-03 16:18:00	189.67	175.82	213.24	14.07
1	2021-12-03 16:19:00	225.65	201.64	240.1	14.14
1	2021-12-03 16:20:00	199.11	180.37	228	14.145
1	2021-12-03 16:21:00	196.26	178.29	210.03	14.188
1	2021-12-03 16:22:00	188.04	166.96	207.02	14.186
1	2021-12-03 16:23:00	168.9	162.84	182.19	14.136
1	2021-12-03 16:24:00	228.69	183.61	269.8	14.155
1	2021-12-03 16:25:00	225.36	187.03	266.31	14.098
1	2021-12-03 16:26:00	175.51	164.52	187.95	14.123
1	2021-12-03 16:27:00	195.61	163.43	257.39	14.158
1	2021-12-03 16:28:00	242.73	225.27	270.03	14.096
1	2021-12-03 16:29:00	219.02	209.28	235.83	14.17
1	2021-12-03 16:30:00	219.35	209.57	229.78	14.173
1	2021-12-03 16:31:00	217.51	207.65	234.19	14.112
1	2021-12-03 16:32:00	234.64	209.36	259.1	14.149
1	2021-12-03 16:33:00	274.37	248.52	302.21	14.168
1	2021-12-03 16:34:00	302.4	282.91	336.32	14.141
1	2021-12-03 16:35:00	301.28	289.72	325.58	14.149
1	2021-12-03 16:36:00	273.29	250.83	301.39	14.144
1	2021-12-03 16:37:00	244.04	227.24	269.07	14.09
1	2021-12-03 16:38:00	245.97	229.96	268.12	14.138
1	2021-12-03 16:39:00	248.28	234.11	265.21	14.132
1	2021-12-03 16:40:00	263.04	246.69	278.51	14.118
1	2021-12-03 16:41:00	245.46	222.84	270.99	14.086
1	2021-12-03 16:42:00	233.43	194.88	529.38	14.097
1	2021-12-03 16:43:00	221.15	185.65	372.25	14.118
1	2021-12-03 16:44:00	195.65	179.58	216.91	14.114
1	2021-12-03 16:45:00	191.47	182.24	200.31	14.118
1	2021-12-03 16:46:00	220.19	198.77	233.92	14.111
1	2021-12-03 16:47:00	257.91	229.13	281.6	14.137
1	2021-12-03 16:48:00	280.99	271.6	293.44	14.105
1	2021-12-03 16:49:00	334.87	284.13	396.24	14.11
1	2021-12-03 16:50:00	440.68	381.02	646.39	14.102
1	2021-12-03 16:51:00	564.12	444.98	737.96	14.105
1	2021-12-03 16:52:00	698.19	473.95	964.02	14.112
1	2021-12-03 16:53:00	397.13	313.09	565.05	14.108
1	2021-12-03 16:54:00	370.58	299.91	505.87	14.125
1	2021-12-03 16:55:00	444.16	300.7	768.97	14.086
1	2021-12-03 16:56:00	746.2	524.61	920.29	14.095
1	2021-12-03 16:57:00	788.88	517.91	964.25	14.092
1	2021-12-03 16:58:00	721.21	479.06	892.68	14.118
1	2021-12-03 16:59:00	651.25	317.86	847.92	14.104
1	2021-12-03 17:00:00	567.03	240.61	758.29	14.118
1	2021-12-03 17:01:00	423.98	261.4	678.77	14.192
1	2021-12-03 17:02:00	323.06	233.91	541.31	14.138
1	2021-12-03 17:03:00	592.74	344.89	835.65	14.115
1	2021-12-03 17:04:00	614.18	399.42	836.56	14.128
1	2021-12-03 17:05:00	545.04	307.29	862.35	14.114
1	2021-12-03 17:06:00	289.15	262.76	319.9	14.089
1	2021-12-03 17:07:00	506.72	263.33	825.77	14.111
1	2021-12-03 17:08:00	372.6	297.64	442.48	14.136
1	2021-12-03 17:09:00	317.92	294.34	388.86	14.066
1	2021-12-03 17:10:00	497.97	397.15	646.62	14.18
1	2021-12-03 17:11:00	431.73	350.8	652.64	14.173
1	2021-12-03 17:12:00	501.6	417.49	709.33	14.162
1	2021-12-03 17:13:00	431.4	401.35	459.29	14.154
1	2021-12-03 17:14:00	585.75	436.34	832.25	14.132
1	2021-12-03 17:15:00	637	539.84	840.54	14.071
1	2021-12-03 17:16:00	500.03	460.09	540.63	14.102
1	2021-12-03 17:17:00	630.09	475.08	985.15	14.142
1	2021-12-03 17:18:00	675.08	476.45	1061.2	14.168
1	2021-12-03 17:19:00	341.96	280.82	525.86	14.144
1	2021-12-03 17:20:00	443.35	283.44	982.88	14.083
1	2021-12-03 17:21:00	365.01	353.19	389.2	14.148
1	2021-12-03 17:22:00	343.77	326.04	360.57	14.12
1	2021-12-03 17:23:00	302.14	279.46	330.01	14.055
1	2021-12-03 17:24:00	276.13	267.87	289.8	14.136
1	2021-12-03 17:25:00	434.39	278.55	813.05	14.092
1	2021-12-03 17:26:00	387.52	348.42	413.4	14.108
1	2021-12-03 17:27:00	418.93	356.6	567.21	14.079
1	2021-12-03 17:28:00	402.31	339.67	595.5	14.049
1	2021-12-03 17:29:00	376.26	357.73	398.06	14.1
1	2021-12-03 17:30:00	386.68	373.52	399.2	14.113
1	2021-12-03 17:31:00	498.63	394.99	758.29	14.149
1	2021-12-03 17:32:00	438.07	418.05	497.35	14.119
1	2021-12-03 17:33:00	445.36	432.37	454.29	14.104
1	2021-12-03 17:34:00	514.65	448.16	686.27	14.089
1	2021-12-03 17:35:00	458.74	438.05	505.64	14.144
1	2021-12-03 17:36:00	476.46	436.91	717.96	14.175
1	2021-12-03 17:37:00	900.97	590.5	1316.4	14.102
1	2021-12-03 17:38:00	1002.1	579.48	1378.9	14.241
1	2021-12-03 17:39:00	569.31	554.15	592.55	14.159
1	2021-12-03 17:40:00	578.67	547.79	605.16	14.187
1	2021-12-03 17:41:00	654.57	597.77	745.57	14.169
1	2021-12-03 17:42:00	735.69	686.95	796.01	14.106
1	2021-12-03 17:43:00	749.69	683.88	1009.4	14.059
1	2021-12-03 17:44:00	679.66	630.03	781.69	14.051
1	2021-12-03 17:45:00	794.82	639.01	1183.5	14.087
1	2021-12-03 17:46:00	675.18	651.28	724.44	14.151
1	2021-12-03 17:47:00	691.82	635.94	823.5	14.083
1	2021-12-03 17:48:00	659.03	624.58	789.53	14.114
1	2021-12-03 17:49:00	716.28	654	875.76	14.108
1	2021-12-03 17:50:00	659.55	644.58	682.06	14.131
1	2021-12-03 17:51:00	694.74	667.98	731.82	14.112
1	2021-12-03 17:52:00	724.4	686.38	775.79	14.09
1	2021-12-03 17:53:00	831.98	749.88	956.64	14.131
1	2021-12-03 17:54:00	914.59	808.73	1148.6	14.133
1	2021-12-03 17:55:00	898.16	803.5	1182.3	14.128
1	2021-12-03 17:56:00	887.37	796.8	1160.4	14.161
1	2021-12-03 17:57:00	844.19	766.47	968.8	14.162
1	2021-12-03 17:58:00	778.66	731.25	872.01	14.112
1	2021-12-03 17:59:00	844.63	773.74	977.77	14.14
1	2021-12-03 18:00:00	812.34	722.85	1137.2	14.124
1	2021-12-03 18:01:00	751.94	699.9	829.75	14.092
1	2021-12-03 18:02:00	777.33	727.85	901.77	14.123
1	2021-12-03 18:03:00	846.84	735.91	1040.1	14.069
1	2021-12-03 18:04:00	1053.3	828.27	1480.7	14.092
1	2021-12-03 18:05:00	1053.9	925.06	1326.8	14.098
1	2021-12-03 18:06:00	839.07	709.44	1276.9	14.113
1	2021-12-03 18:07:00	864.19	709.44	1150.1	14.12
1	2021-12-03 18:08:00	861.54	705.13	1120.5	14.167
1	2021-12-03 18:09:00	943.37	867.46	1087.3	14.155
1	2021-12-03 18:10:00	830.03	718.87	1019.8	14.143
1	2021-12-03 18:11:00	717.32	671.27	779.76	14.142
1	2021-12-03 18:12:00	802.56	750.68	932.44	14.167
1	2021-12-03 18:13:00	751.18	703.19	818.73	14.113
1	2021-12-03 18:14:00	1047.7	721.71	1652.6	14.161
1	2021-12-03 18:15:00	936.43	788.4	1586.6	14.181
1	2021-12-03 18:16:00	816.99	785.21	862.12	14.213
1	2021-12-03 18:17:00	714.59	620.72	919.72	14.196
1	2021-12-03 18:18:00	588.97	566.87	627.65	14.231
1	2021-12-03 18:19:00	596.55	561.31	686.04	14.176
1	2021-12-03 18:20:00	743.13	688.09	790.44	14.196
1	2021-12-03 18:21:00	689.23	661.28	721.48	14.198
1	2021-12-03 18:22:00	750.88	704.1	795.89	14.147
1	2021-12-03 18:23:00	662.38	635.15	702.17	14.123
1	2021-12-03 18:24:00	812.75	667.18	968.57	14.195
1	2021-12-03 18:25:00	1046.9	891.89	1425.1	14.178
1	2021-12-03 18:26:00	811.75	687.63	1056.5	14.16
1	2021-12-03 18:27:00	655.72	632.08	686.72	14.166
1	2021-12-03 18:28:00	672.49	651.16	703.31	14.069
1	2021-12-03 18:29:00	931.73	663.21	1453.6	14.134
1	2021-12-03 18:30:00	1397	880.64	1848.3	14.095
1	2021-12-03 18:31:00	1017.6	720.46	1319.3	14.157
1	2021-12-03 18:32:00	561.41	477.13	801.35	14.151
1	2021-12-03 18:33:00	1015.8	764.99	1569.2	14.096
1	2021-12-03 18:34:00	820.15	497.12	1521.5	14.147
1	2021-12-03 18:35:00	768.87	529.27	1649.3	14.125
1	2021-12-03 18:36:00	1537.2	700.58	1672.8	14.085
1	2021-12-03 18:37:00	1519.4	807.59	1622	14.095
1	2021-12-03 18:38:00	1571.5	1337.4	1647.5	14.148
1	2021-12-03 18:39:00	1494.9	1428.1	1569.2	14.136
1	2021-12-03 18:40:00	1499	1437.3	1568.4	14.164
1	2021-12-03 18:41:00	1512.1	1455	1586.1	14.179
1	2021-12-03 18:42:00	1467.4	1360.2	1529.5	14.263
1	2021-12-03 18:43:00	1437.7	1386.6	1483	14.143
1	2021-12-03 18:44:00	1439.3	1405.4	1506.6	14.146
1	2021-12-03 18:45:00	1470.9	1420.6	1525	14.064
1	2021-12-03 18:46:00	1236.9	532.68	1561.3	14.117
1	2021-12-03 18:47:00	1501	769.65	1711.4	14.148
1	2021-12-03 18:48:00	1380.8	850.08	1601.7	14.165
1	2021-12-03 18:49:00	1444.3	1398.6	1492	14.118
1	2021-12-03 18:50:00	1424	1361.6	1488.8	14.182
1	2021-12-03 18:51:00	1407.8	1093.3	1475.6	14.163
1	2021-12-03 18:52:00	1450.6	1397.5	1484.9	14.195
1	2021-12-03 18:53:00	1469.6	1409.2	1513.1	14.207
1	2021-12-03 18:54:00	1453	1394.5	1495.2	14.226
1	2021-12-03 18:55:00	1442.2	1391.4	1510.2	14.156
1	2021-12-03 18:56:00	1449.9	1382.1	1507.8	14.176
1	2021-12-03 18:57:00	1478.5	1430.8	1524.8	13.727
1	2021-12-03 18:58:00	1533.1	1319.7	1694.1	13.699
1	2021-12-03 18:59:00	1562.9	1090.6	1664.3	13.705
1	2021-12-03 19:00:00	1500.3	823.16	1664.7	13.699
1	2021-12-03 19:01:00	1574.7	1525.1	1620.3	13.654
1	2021-12-03 19:02:00	1555.6	1495.6	1595.8	13.732
1	2021-12-03 19:03:00	1359.7	483.38	1628.1	13.675
1	2021-12-03 19:04:00	1096.1	495.64	1657	13.726
1	2021-12-03 19:05:00	1531.7	790.21	1723.6	13.657
1	2021-12-03 19:06:00	1352.9	620.38	1873.5	13.687
1	2021-12-03 19:07:00	1797.4	1681.8	1869.9	13.695
1	2021-12-03 19:08:00	1158.3	566.42	1817.1	13.689
1	2021-12-03 19:09:00	692.21	559.26	931.65	13.672
1	2021-12-03 19:10:00	1326.7	807.03	1998.5	13.726
1	2021-12-03 19:11:00	1695	1100.7	1858.3	13.662
1	2021-12-03 19:12:00	1698.3	1404.7	1826.9	14.05
1	2021-12-03 19:13:00	1619.5	1378	1842.3	14.066
1	2021-12-03 19:14:00	1720.4	1121.2	1922.5	14.189
1	2021-12-03 19:15:00	1771.5	1506.7	1904.2	14.157
1	2021-12-03 19:16:00	1405.4	949.37	2027.2	14.174
1	2021-12-03 19:17:00	1186	691.72	1975.4	14.191
1	2021-12-03 19:18:00	1556.8	1078.2	1988.1	14.175
1	2021-12-03 19:19:00	1555.3	1302.3	1848.6	14.134
1	2021-12-03 19:20:00	1480.3	1016.8	2001	14.132
1	2021-12-03 19:21:00	1012.5	575.73	1815.4	14.134
1	2021-12-03 19:22:00	989.18	595.16	1991.6	14.154
1	2021-12-03 19:23:00	1242.5	702.17	1942.5	14.117
1	2021-12-03 19:24:00	1582.7	688.65	2008.9	14.16
1	2021-12-03 19:25:00	966.27	661.84	1634.5	14.127
1	2021-12-03 19:26:00	932.39	641.62	1961.7	14.092
1	2021-12-03 19:27:00	1855.1	1745.9	1983.5	14.134
1	2021-12-03 19:28:00	1710.5	1643.4	1794.6	14.124
1	2021-12-03 19:29:00	1723.8	1566.6	1824.6	14.15
1	2021-12-03 19:30:00	1649.4	891.43	1778.9	14.163
1	2021-12-03 19:31:00	1506.5	687.4	1750.6	14.074
1	2021-12-03 19:32:00	1686.7	1302.9	1789.7	14.175
1	2021-12-03 19:33:00	1698.7	1241.4	1822.4	14.123
1	2021-12-03 19:34:00	1738.9	1009.5	1913.5	14.213
1	2021-12-03 19:35:00	1743.9	1679.5	1826.9	14.155
1	2021-12-03 19:36:00	1743.1	1701	1780.6	14.143
1	2021-12-03 19:37:00	1725.7	1688.6	1757.5	14.078
1	2021-12-03 19:38:00	1727	1684.9	1821.7	14.076
1	2021-12-03 19:39:00	1798.2	1078.2	1937.4	14.027
1	2021-12-03 19:40:00	1797.3	1388.9	1947.8	14.146
1	2021-12-03 19:41:00	1063.6	723.64	1797	14.152
1	2021-12-03 19:42:00	1106.8	701.94	2133.3	14.233
1	2021-12-03 19:43:00	1081.7	660.37	2036.8	14.205
1	2021-12-03 19:44:00	1817.9	1722.8	1975.1	14.186
1	2021-12-03 19:45:00	1733.2	1701.1	1768.4	14.071
1	2021-12-03 19:46:00	1502.5	659.57	1864.3	14.065
1	2021-12-03 19:47:00	512.5	421.46	1291	14.175
1	2021-12-03 19:48:00	1543.8	539.72	2064.3	14.129
1	2021-12-03 19:49:00	1571.2	745.23	1821.4	14.128
1	2021-12-03 19:50:00	1517.7	670.02	1931.7	14.17
1	2021-12-03 19:51:00	1757.9	1713.7	1800.7	14.175
1	2021-12-03 19:52:00	1797.1	1749.7	1845	14.096
1	2021-12-03 19:53:00	1738.2	1689.4	1801.5	14.108
1	2021-12-03 19:54:00	1717.6	1681.3	1768.4	14.187
1	2021-12-03 19:55:00	1411.4	545.97	1811.6	14.153
1	2021-12-03 19:56:00	1766.1	1105.9	2072.2	14.096
1	2021-12-03 19:57:00	1788.9	1740.4	1833.8	14.111
1	2021-12-03 19:58:00	1732.4	1692.2	1765.4	14.102
1	2021-12-03 19:59:00	1724.6	1690.3	1769.3	14.099
1	2021-12-03 20:00:00	1759.6	1372	1907.4	14.075
1	2021-12-03 20:01:00	1770.2	1741.3	1809.8	14.113
1	2021-12-03 20:02:00	1775.1	1730.5	1830	14.183
1	2021-12-03 20:03:00	1173.1	642.64	1833	14.149
1	2021-12-03 20:04:00	1737.9	768.29	1920.8	14.123
1	2021-12-03 20:05:00	1425.5	520.98	1970.9	14.117
1	2021-12-03 20:06:00	1285.3	680.81	2049.5	14.089
1	2021-12-03 20:07:00	1792.2	1212	1909.2	14.097
1	2021-12-03 20:08:00	1737.8	1036.7	1913.5	14.089
1	2021-12-03 20:09:00	1786.5	1581.1	1846.9	14.128
1	2021-12-03 20:10:00	1827.9	1776.4	1882.8	14.143
1	2021-12-03 20:11:00	1806	1723.5	1848.1	14.14
1	2021-12-03 20:12:00	1691.6	953.91	1901.2	14.148
1	2021-12-03 20:13:00	1784	1747.6	1835.9	14.122
1	2021-12-03 20:14:00	1770.9	1654	1806	14.194
1	2021-12-03 20:15:00	1812.9	1757.2	1855.5	14.136
1	2021-12-03 20:16:00	1830.3	1793.1	1874.5	14.119
1	2021-12-03 20:17:00	1790.4	1748.7	1846.5	14.134
1	2021-12-03 20:18:00	1774.6	1731.2	1817.5	14.165
1	2021-12-03 20:19:00	1755.9	1531.4	1797.2	14.101
1	2021-12-03 20:20:00	1763.1	1716	1795.7	14.121
1	2021-12-03 20:21:00	1779.7	1738.9	1813.5	14.135
1	2021-12-03 20:22:00	1788.1	1758.2	1823.5	14.205
1	2021-12-03 20:23:00	1742.1	965.05	1841.4	14.209
1	2021-12-03 20:24:00	1661.9	968.11	1894.6	14.144
1	2021-12-03 20:25:00	1750.2	1390.9	1850.1	14.129
1	2021-12-03 20:26:00	1805.9	1692.3	1845.8	14.163
1	2021-12-03 20:27:00	1807.2	1658.6	1889.8	14.068
1	2021-12-03 20:28:00	1724.7	1032.8	1973.9	14.155
1	2021-12-03 20:29:00	1863.1	1293.1	2001.2	14.143
1	2021-12-03 20:30:00	1813.4	1198	1975.1	14.163
1	2021-12-03 20:31:00	1674.8	962.09	1943.2	14.23
1	2021-12-03 20:32:00	1842.2	1516.1	1913.3	14.071
1	2021-12-03 20:33:00	1835.8	1779.9	1881.5	14.118
1	2021-12-03 20:34:00	1834.8	1801.5	1868.6	14.214
1	2021-12-03 20:35:00	1835.9	1805.5	1873.2	14.202
1	2021-12-03 20:36:00	1837.2	1794	1872.8	14.155
1	2021-12-03 20:37:00	1845.1	1799.1	1889.1	14.224
1	2021-12-03 20:38:00	1730	1129.8	1921.1	14.133
1	2021-12-03 20:39:00	1785	1558.5	2129.8	14.193
1	2021-12-03 20:40:00	1863	1287.6	2030.4	14.134
1	2021-12-03 20:41:00	1716.3	1368.6	2025.1	14.146
1	2021-12-03 20:42:00	1896.8	1843.5	1951.8	14.184
1	2021-12-03 20:43:00	1811.8	1313.8	1932.7	14.147
1	2021-12-03 20:44:00	1883.2	1836	1941.2	14.124
1	2021-12-03 20:45:00	1874.9	1837.1	1912.4	14.138
1	2021-12-03 20:46:00	1929.8	1831.9	2001.7	14.114
1	2021-12-03 20:47:00	1778.8	1474	2007.9	14.139
1	2021-12-03 20:48:00	1656.5	1401.7	2022.7	14.105
1	2021-12-03 20:49:00	2076.7	1794.5	2174.2	14.129
1	2021-12-03 20:50:00	1783.6	1363.2	2171.2	14.177
1	2021-12-03 20:51:00	1575.4	1273.6	2097.1	14.147
1	2021-12-03 20:52:00	1336.8	1153.3	1694.4	14.165
1	2021-12-03 20:53:00	1396.3	1161.5	1978.9	14.217
1	2021-12-03 20:54:00	1345.7	1155.8	2224.5	14.133
1	2021-12-03 20:55:00	1191.5	1150.4	1333.6	14.155
1	2021-12-03 20:56:00	1508.9	1324.6	2970.6	14.117
1	2021-12-03 20:57:00	1363	1304.5	1443.4	14.141
1	2021-12-03 20:58:00	1465.6	1296.5	2561	14.11
1	2021-12-03 20:59:00	1329.2	1278.5	1477.4	14.141
1	2021-12-03 21:00:00	1377.8	1313.3	1476.8	14.102
1	2021-12-03 21:01:00	1303	1232.8	1424.3	14.131
1	2021-12-03 21:02:00	1511.2	1342.7	1985.8	14.155
1	2021-12-03 21:03:00	1564.2	1381.1	2638	14.152
1	2021-12-03 21:04:00	1696.5	1365.7	2735.4	14.047
1	2021-12-03 21:05:00	1715.6	1261.2	2819	14.141
1	2021-12-03 21:06:00	1381.5	1261	1543.8	14.087
1	2021-12-03 21:07:00	1382.8	1296.4	1685.3	14.17
1	2021-12-03 21:08:00	1614.1	1302	2721.3	14.189
1	2021-12-03 21:09:00	1686.6	1460.3	2656.9	14.145
1	2021-12-03 21:10:00	1645.4	1433.4	2901.7	14.211
1	2021-12-03 21:11:00	1546	1309.6	2037.6	14.143
1	2021-12-03 21:12:00	1350.9	1282.3	1444.6	14.107
1	2021-12-03 21:13:00	1288.4	1239.8	1390.8	14.177
1	2021-12-03 21:14:00	1213	1158.4	1431.3	14.217
1	2021-12-03 21:15:00	1409.1	1238.7	2429.9	14.181
1	2021-12-03 21:16:00	1705.4	1326.9	2635.7	14.223
1	2021-12-03 21:17:00	1611.2	1259.5	2800.2	14.228
1	2021-12-03 21:18:00	1340.7	1270.9	1567.2	14.179
1	2021-12-03 21:19:00	1460.7	1361.9	1588.4	14.168
1	2021-12-03 21:20:00	1469.8	1319.9	1740.9	14.11
1	2021-12-03 21:21:00	1358.4	1309.5	1475.1	14.137
1	2021-12-03 21:22:00	1323.3	1267.5	1577.6	14.173
1	2021-12-03 21:23:00	1418.2	1319	2122.6	14.118
1	2021-12-03 21:24:00	1383.7	1298.9	2013	14.054
1	2021-12-03 21:25:00	1410.5	1285.9	1634	14.073
1	2021-12-03 21:26:00	1310	1261.5	1511.8	14.137
1	2021-12-03 21:27:00	1148	974.25	1280.4	14.182
1	2021-12-03 21:28:00	1146.3	971.29	1257.2	14.203
1	2021-12-03 21:29:00	1386.7	1238.4	1889.5	14.202
1	2021-12-03 21:30:00	1604	1412.9	1896.5	14.123
1	2021-12-03 21:31:00	1674.8	1468	2276.5	14.11
1	2021-12-03 21:32:00	1470	1034.8	2766.3	14.084
1	2021-12-03 21:33:00	1150.6	1008.9	1724.9	14.173
1	2021-12-03 21:34:00	1154.8	996.85	1780.7	14.17
1	2021-12-03 21:35:00	1014.7	928.58	1234.1	14.121
1	2021-12-03 21:36:00	1057.2	929.72	1491.2	14.108
1	2021-12-03 21:37:00	1112.7	986.86	1379.8	14.123
1	2021-12-03 21:38:00	1465.6	1061.9	1978.7	14.147
1	2021-12-03 21:39:00	1579.1	1361.3	2249	14.142
1	2021-12-03 21:40:00	1806.9	1453.5	2713.3	14.146
1	2021-12-03 21:41:00	1732.7	1383.3	2610.8	14.177
1	2021-12-03 21:42:00	1583.1	1415.9	1821.7	14.187
1	2021-12-03 21:43:00	1829.9	1447.9	2582.2	14.108
1	2021-12-03 21:44:00	1496.6	1394.9	1653	14.139
1	2021-12-03 21:45:00	1585.7	1370.3	2550.1	14.108
1	2021-12-03 21:46:00	1455.6	1361.4	1750.4	14.141
1	2021-12-03 21:47:00	1416.4	1298.7	1729	14.155
1	2021-12-03 21:48:00	1434.4	1308.8	2132.2	14.231
1	2021-12-03 21:49:00	1481.8	1177.7	2038	14.234
1	2021-12-03 21:50:00	1377	1111.4	2371.4	14.308
1	2021-12-03 21:51:00	1335.9	1170	1606.8	14.15
1	2021-12-03 21:52:00	1736.9	1264.2	2723.5	14.129
1	2021-12-03 21:53:00	1553.3	1320.5	2296.7	14.145
1	2021-12-03 21:54:00	1650	1402.8	2008	14.301
1	2021-12-03 21:55:00	1649.9	1127.3	2625	14.292
1	2021-12-03 21:56:00	1420.3	1207.5	1879.5	14.165
1	2021-12-03 21:57:00	1433.8	1273.9	2292.4	14.24
1	2021-12-03 21:58:00	1528.2	1362.9	2120.6	14.251
1	2021-12-03 21:59:00	1283	1205.5	1422.1	14.161
1	2021-12-03 22:00:00	1423.4	1252.6	2078.7	14.196
1	2021-12-03 22:01:00	1740.6	1351.6	2463	14.269
1	2021-12-03 22:02:00	1450.5	1337.4	1642.1	14.275
1	2021-12-03 22:03:00	1573.9	1405.4	1874.2	14.26
1	2021-12-03 22:04:00	1465.6	1328	2003.6	14.191
1	2021-12-03 22:05:00	1308.7	1215	1483.8	14.209
1	2021-12-03 22:06:00	1362.8	1279.6	1735.5	14.225
1	2021-12-03 22:07:00	1711.3	1257.6	2479.5	14.291
1	2021-12-03 22:08:00	1720.7	1397.1	2718.5	14.261
1	2021-12-03 22:09:00	1516.1	1256.7	2466.4	14.237
1	2021-12-03 22:10:00	1620.9	1249.6	2699.7	14.314
1	2021-12-03 22:11:00	1479.2	1276	2525.8	14.26
1	2021-12-03 22:12:00	1598.2	1359.6	2649.9	14.27
1	2021-12-03 22:13:00	1544.9	1327.9	2398.8	14.236
1	2021-12-03 22:14:00	1637.1	1303.1	2221.1	14.245
1	2021-12-03 22:15:00	1481	1255.1	2108	14.233
1	2021-12-03 22:16:00	1501.4	1263.7	1842.1	14.219
1	2021-12-03 22:17:00	1666.1	1233.5	2607.3	14.224
1	2021-12-03 22:18:00	1690.1	1217.4	2584.6	14.182
1	2021-12-03 22:19:00	1358.8	1074.9	2183	14.263
1	2021-12-03 22:20:00	1284	1026.1	2228.5	14.202
1	2021-12-03 22:21:00	1779.9	1157.8	2321.6	14.197
1	2021-12-03 22:22:00	2040.6	1454.7	2458.2	14.235
1	2021-12-03 22:23:00	1774.1	1208.9	2441.9	14.267
1	2021-12-03 22:24:00	1511	1267.8	1999.8	14.328
1	2021-12-03 22:25:00	1575.1	1193.7	2401.4	14.22
1	2021-12-03 22:26:00	1625.1	1268.5	2249.1	14.361
1	2021-12-03 22:27:00	1536.3	1185.9	2311.9	14.274
1	2021-12-03 22:28:00	1414.8	1131.5	1891.5	14.301
1	2021-12-03 22:29:00	1479.5	1125.3	2199.4	14.313
1	2021-12-03 22:30:00	1651.3	1397.4	2041.4	14.204
1	2021-12-03 22:31:00	1756	1342.7	2311.9	14.16
1	2021-12-03 22:32:00	1988.4	1405.8	2300.2	14.243
1	2021-12-03 22:33:00	2008.3	1573.4	2328.6	14.33
1	2021-12-03 22:34:00	1711.3	1224.5	2182.9	14.3
1	2021-12-03 22:35:00	1453.6	1180.4	2218.4	14.248
1	2021-12-03 22:36:00	1460.3	1231.4	2311.2	14.244
1	2021-12-03 22:37:00	1687.6	1333.3	2345.1	14.126
1	2021-12-03 22:38:00	1597.9	1209.7	1966.9	14.232
1	2021-12-03 22:39:00	1523.1	1306.8	2294.1	14.211
1	2021-12-03 22:40:00	1597.4	1319	2412.6	14.186
1	2021-12-03 22:41:00	1427.5	1146	2062.3	14.201
1	2021-12-03 22:42:00	1270.5	1114.2	1576.7	14.234
1	2021-12-03 22:43:00	1117.8	1034.1	1357.2	14.143
1	2021-12-03 22:44:00	1148.7	1049.3	1502	14.181
1	2021-12-03 22:45:00	1177.1	904.72	1530.2	14.242
1	2021-12-03 22:46:00	1388.9	1160	1813.3	14.312
1	2021-12-03 22:47:00	1114.9	1000.9	1257.3	14.264
1	2021-12-03 22:48:00	1315.9	1146.5	1602.6	14.222
1	2021-12-03 22:49:00	1549.7	1065.7	2095.6	14.214
1	2021-12-03 22:50:00	1295.1	1043.2	2007.7	14.248
1	2021-12-03 22:51:00	1507.5	1173.6	1784.9	14.175
1	2021-12-03 22:52:00	1782.8	1329.6	1956.6	14.184
1	2021-12-03 22:53:00	1769.5	1658.8	1902.1	14.212
1	2021-12-03 22:54:00	1697.3	1648.9	1762.3	14.248
1	2021-12-03 22:55:00	1692.3	1612.8	1743.4	14.272
1	2021-12-03 22:56:00	1711.9	1506.8	1803	14.24
1	2021-12-03 22:57:00	1687.2	1369	1802.1	14.216
1	2021-12-03 22:58:00	1679.3	1245.2	1756.4	14.243
1	2021-12-03 22:59:00	1666	1319.1	1823.4	14.186
1	2021-12-03 23:00:00	1577.5	1189	1842.4	14.18
1	2021-12-03 23:01:00	1410.3	1179.9	1832.4	14.231
1	2021-12-03 23:02:00	1336.2	1147.5	1625.2	14.195
1	2021-12-03 23:03:00	1477.3	1179.1	1752.9	14.196
1	2021-12-03 23:04:00	1505.5	1233.5	1697.7	14.244
1	2021-12-03 23:05:00	1662.8	1583.3	1713.7	14.193
1	2021-12-03 23:06:00	1633.9	1416.6	1707.1	14.308
1	2021-12-03 23:07:00	1646.2	1573.6	1699.6	14.351
1	2021-12-03 23:08:00	1597	1386.4	1668.8	14.371
1	2021-12-03 23:09:00	1604.8	1539.1	1656	14.216
1	2021-12-03 23:10:00	1596.9	1531.7	1643.6	14.147
1	2021-12-03 23:11:00	1599.4	1535.9	1651.3	14.172
1	2021-12-03 23:12:00	1666.5	1574.7	1786.3	14.161
1	2021-12-03 23:13:00	933.51	630.6	1857.7	14.268
1	2021-12-03 23:14:00	1566.8	916.31	1952.6	14.206
1	2021-12-03 23:15:00	1785.2	872.57	2012.7	14.216
1	2021-12-03 23:16:00	1266.4	741.93	2164.6	14.136
1	2021-12-03 23:17:00	932.05	738.52	1822.7	14.113
1	2021-12-03 23:18:00	1944.6	1643.6	2120	14.222
1	2021-12-03 23:19:00	1708.6	1049.7	2110.7	14.206
1	2021-12-03 23:20:00	1602	1119.8	2042	14.197
1	2021-12-03 23:21:00	1601.5	886.89	1974.2	14.187
1	2021-12-03 23:22:00	1163.1	634.35	1965.9	14.188
1	2021-12-03 23:23:00	1583.8	1064.6	1798.7	14.223
1	2021-12-03 23:24:00	1616.3	1525.6	1666.8	14.222
1	2021-12-03 23:25:00	1486.1	752.72	1653.6	14.226
1	2021-12-03 23:26:00	1560.7	1523.3	1616.8	14.263
1	2021-12-03 23:27:00	1549	1483.4	1605.3	14.191
1	2021-12-03 23:28:00	1605.7	987.09	1758.7	14.186
1	2021-12-03 23:29:00	1298.4	692.97	1748.2	14.13
1	2021-12-03 23:30:00	1247.5	625.72	1834.7	14.14
1	2021-12-03 23:31:00	1452	725.35	1799.6	14.185
1	2021-12-03 23:32:00	1509.4	687.4	1758	14.207
1	2021-12-03 23:33:00	1547.4	944.03	1719.9	14.193
1	2021-12-03 23:34:00	1527	1480.2	1566.3	14.234
1	2021-12-03 23:35:00	1274.7	719.1	1623.3	14.228
1	2021-12-03 23:36:00	1423	763.74	1692.6	14.212
1	2021-12-03 23:37:00	1546	951.53	1709	14.202
1	2021-12-03 23:38:00	1536.5	1435.8	1618.1	14.168
1	2021-12-03 23:39:00	1555.1	1495.5	1606.4	14.155
1	2021-12-03 23:40:00	1548.2	1482.6	1589.3	14.121
1	2021-12-03 23:41:00	1526.6	1444.3	1590.1	14.155
1	2021-12-03 23:42:00	1514.7	1438.5	1583.6	14.117
1	2021-12-03 23:43:00	1422.6	939.15	1539.9	14.207
1	2021-12-03 23:44:00	1423.6	937.9	1506.2	14.284
1	2021-12-03 23:45:00	1523.9	1436.7	1595.4	14.299
1	2021-12-03 23:46:00	1476.7	1414.1	1529.6	14.283
1	2021-12-03 23:47:00	1489.1	1392.9	1577.5	14.237
1	2021-12-03 23:48:00	1470.9	1395.1	1529.3	14.228
1	2021-12-03 23:49:00	1437.7	1354.4	1492.7	13.798
1	2021-12-03 23:50:00	1447.5	1368.3	1490.6	13.754
1	2021-12-03 23:51:00	1359.2	893.36	1532.4	13.779
1	2021-12-03 23:52:00	1098.9	489.85	1576.7	13.765
1	2021-12-03 23:53:00	1151.6	496.21	1586.6	13.773
1	2021-12-03 23:54:00	1520.8	1379.1	1574.3	13.763
1	2021-12-03 23:55:00	1363.8	768.97	1601.8	13.789
1	2021-12-03 23:56:00	1271.6	631.85	1622.5	13.821
1	2021-12-03 23:57:00	1447.1	705.01	1816	13.822
1	2021-12-03 23:58:00	1361.9	710.58	1868.9	13.787
1	2021-12-03 23:59:00	953.03	624.7	1801.9	13.762
1	2021-12-04 00:00:00	1192	577.55	1753.3	13.762
1	2021-12-04 00:01:00	1252.1	572.78	1618	13.751
1	2021-12-04 00:02:00	1417.4	1276	1494.7	13.81
1	2021-12-04 00:03:00	1373.3	1027.3	1469	13.847
1	2021-12-04 00:04:00	1273	596.41	1566.8	14.333
1	2021-12-04 00:05:00	730.01	434.19	1493.2	14.191
1	2021-12-04 00:06:00	1099.9	640.94	1579.4	14.193
1	2021-12-04 00:07:00	1380.4	1047.4	1471	14.216
1	2021-12-04 00:08:00	1329.1	1150.2	1407.9	14.25
1	2021-12-04 00:09:00	1324.3	677.18	1473.1	14.212
1	2021-12-04 00:10:00	1055.7	561.31	1565.3	14.252
1	2021-12-04 00:11:00	1513.4	1431.8	1572.4	14.212
1	2021-12-04 00:12:00	1522.2	1442.6	1598	14.214
1	2021-12-04 00:13:00	1397.4	1113.1	1480.8	14.273
1	2021-12-04 00:14:00	1352	1128.2	1444.4	14.287
1	2021-12-04 00:15:00	1284.8	929.72	1399.7	14.213
1	2021-12-04 00:16:00	1307.4	836.22	1406.5	14.248
1	2021-12-04 00:17:00	1384	751.48	1535.2	14.233
1	2021-12-04 00:18:00	1339.8	727.05	1540	14.209
1	2021-12-04 00:19:00	1328.7	1216.4	1452.1	14.217
1	2021-12-04 00:20:00	1215.7	533.13	1331.5	14.262
1	2021-12-04 00:21:00	875.08	382.95	1330	14.279
1	2021-12-04 00:22:00	1050.7	471.67	1377.4	14.337
1	2021-12-04 00:23:00	430.62	350.46	1071	14.275
1	2021-12-04 00:24:00	1159.5	544.49	1390.7	14.29
1	2021-12-04 00:25:00	1053.9	446.11	1447.5	14.259
1	2021-12-04 00:26:00	1316.6	975.84	1448	14.297
1	2021-12-04 00:27:00	1229.3	871.55	1333.6	14.328
1	2021-12-04 00:28:00	1201.9	1158.1	1248.6	14.269
1	2021-12-04 00:29:00	1121.8	685.36	1289.7	14.3
1	2021-12-04 00:30:00	1154.1	675.36	1257.2	14.262
1	2021-12-04 00:31:00	1120.6	462.81	1249.4	14.211
1	2021-12-04 00:32:00	826.98	323.08	1291.2	14.202
1	2021-12-04 00:33:00	648.32	321.15	1287.9	14.233
1	2021-12-04 00:34:00	1074	641.85	1219.2	14.215
1	2021-12-04 00:35:00	1157.4	1113.4	1222.8	14.248
1	2021-12-04 00:36:00	1211.5	1161.6	1277.3	14.23
1	2021-12-04 00:37:00	1122.9	550.51	1254.8	14.254
1	2021-12-04 00:38:00	1132.6	1089.8	1187.7	14.251
1	2021-12-04 00:39:00	1105.1	935.51	1174.3	14.263
1	2021-12-04 00:40:00	1126.3	999.47	1219.7	14.245
1	2021-12-04 00:41:00	840.29	391.02	1296.4	14.25
1	2021-12-04 00:42:00	1080.1	560.4	1288.9	14.262
1	2021-12-04 00:43:00	1100.8	751.82	1208.9	14.276
1	2021-12-04 00:44:00	1010.2	465.09	1151.8	14.201
1	2021-12-04 00:45:00	1102.2	550.06	1187	14.202
1	2021-12-04 00:46:00	1070	766.36	1286.2	14.275
1	2021-12-04 00:47:00	929.24	670.48	1272	14.297
1	2021-12-04 00:48:00	1087.4	779.76	1391.8	14.293
1	2021-12-04 00:49:00	904.71	700.24	1378.8	14.248
1	2021-12-04 00:50:00	868.83	654	1390.3	14.258
1	2021-12-04 00:51:00	986.16	725.46	1424.9	14.273
1	2021-12-04 00:52:00	798.04	707.85	975.27	14.286
1	2021-12-04 00:53:00	760.64	703.08	808.73	14.255
1	2021-12-04 00:54:00	802.11	711.6	1036.6	14.238
1	2021-12-04 00:55:00	737.3	688.54	849.17	14.244
1	2021-12-04 00:56:00	745.34	650.03	935.62	14.24
1	2021-12-04 00:57:00	721.46	693.88	767.83	14.254
1	2021-12-04 00:58:00	675.29	656.73	718.19	14.198
1	2021-12-04 00:59:00	654.75	639.01	665.02	14.308
1	2021-12-04 01:00:00	641.2	617.88	659.12	14.303
1	2021-12-04 01:01:00	619.39	609.93	628.33	14.232
1	2021-12-04 01:02:00	613.62	601.41	627.08	14.298
1	2021-12-04 01:03:00	613.19	600.04	625.04	14.217
1	2021-12-04 01:04:00	576.63	540.18	609.7	14.281
1	2021-12-04 01:05:00	509.45	494.28	566.3	14.215
1	2021-12-04 01:06:00	555.61	512.46	594.93	14.228
1	2021-12-04 01:07:00	614.49	590.27	693.65	14.277
1	2021-12-04 01:08:00	617.42	601.07	636.51	14.277
1	2021-12-04 01:09:00	631.04	609.25	668.66	14.306
1	2021-12-04 01:10:00	616	590.27	669.23	14.247
1	2021-12-04 01:11:00	620.87	595.16	655.94	14.264
1	2021-12-04 01:12:00	608.06	591.75	633.56	14.337
1	2021-12-04 01:13:00	615.82	596.64	737.5	14.219
1	2021-12-04 01:14:00	573.25	555.63	601.41	14.196
1	2021-12-04 01:15:00	544.09	530.41	560.51	14.211
1	2021-12-04 01:16:00	519.39	500.3	537.11	14.243
1	2021-12-04 01:17:00	501.97	493.83	517.68	14.205
1	2021-12-04 01:18:00	497.37	486.44	506.44	14.291
1	2021-12-04 01:19:00	509.76	492.46	522	14.268
1	2021-12-04 01:20:00	530.91	514.73	553.58	14.264
1	2021-12-04 01:21:00	517.73	500.87	536.09	14.303
1	2021-12-04 01:22:00	519.06	494.74	572.55	14.309
1	2021-12-04 01:23:00	513.21	503.26	519.84	14.239
1	2021-12-04 01:24:00	528.55	511.32	549.38	14.28
1	2021-12-04 01:25:00	569.37	527.11	838.49	14.239
1	2021-12-04 01:26:00	576.44	535.75	849.06	14.226
1	2021-12-04 01:27:00	536.76	519.39	561.76	14.259
1	2021-12-04 01:28:00	524.88	513.48	534.16	14.332
1	2021-12-04 01:29:00	523	509.84	535.18	14.262
1	2021-12-04 01:30:00	584.43	487.58	983	14.275
1	2021-12-04 01:31:00	472.76	453.73	493.6	14.31
1	2021-12-04 01:32:00	457.81	445.43	469.86	14.27
1	2021-12-04 01:33:00	456.15	432.25	492.92	14.264
1	2021-12-04 01:34:00	448.37	428.16	490.3	14.252
1	2021-12-04 01:35:00	446.93	419.87	513.82	14.282
1	2021-12-04 01:36:00	420.13	405.79	432.71	14.217
1	2021-12-04 01:37:00	443.2	407.72	656.84	14.252
1	2021-12-04 01:38:00	426.88	357.28	541.65	14.211
1	2021-12-04 01:39:00	399.67	359.32	479.17	14.279
1	2021-12-04 01:40:00	587.56	413.17	765.33	14.249
1	2021-12-04 01:41:00	782.09	539.15	886.09	14.253
1	2021-12-04 01:42:00	810.5	635.83	897.45	14.192
1	2021-12-04 01:43:00	610.32	503.26	798.85	14.227
1	2021-12-04 01:44:00	437.17	390.68	494.39	14.207
1	2021-12-04 01:45:00	374.96	355.12	409.31	14.209
1	2021-12-04 01:46:00	342.84	331.38	357.16	14.204
1	2021-12-04 01:47:00	321.1	311.95	333.53	14.209
1	2021-12-04 01:48:00	301.34	293.09	314	14.155
1	2021-12-04 01:49:00	286.52	279.91	293.55	14.241
1	2021-12-04 01:50:00	276.97	270.14	283.21	14.279
1	2021-12-04 01:51:00	265.21	257.42	273.21	14.357
1	2021-12-04 01:52:00	251.03	244.36	257.65	14.254
1	2021-12-04 01:53:00	241.59	238.34	245.72	14.285
1	2021-12-04 01:54:00	236.67	233.57	239.7	14.313
1	2021-12-04 01:55:00	231.97	229.09	235.27	14.324
1	2021-12-04 01:56:00	227.64	224.99	230.04	14.264
1	2021-12-04 01:57:00	221.11	217.02	225.12	14.235
1	2021-12-04 01:58:00	213.55	210.27	217.98	14.28
1	2021-12-04 01:59:00	210.29	208.82	211.59	14.228
1	2021-12-04 02:00:00	211.77	210.48	213.12	14.264
1	2021-12-04 02:01:00	210.67	209.58	212.95	14.274
1	2021-12-04 02:02:00	208.3	205.9	209.99	14.256
1	2021-12-04 02:03:00	202.72	198.71	206.41	14.3
1	2021-12-04 02:04:00	196.3	193.19	200.12	14.253
1	2021-12-04 02:05:00	190.48	188.15	193.11	14.299
1	2021-12-04 02:06:00	187.16	185.67	188.31	14.258
1	2021-12-04 02:07:00	187.28	186.05	188.23	14.224
1	2021-12-04 02:08:00	184.74	180.27	187.65	14.156
1	2021-12-04 02:09:00	172.59	164.6	179.99	14.233
1	2021-12-04 02:10:00	156.75	150.6	164.02	14.201
1	2021-12-04 02:11:00	145.99	143.27	150.39	14.25
1	2021-12-04 02:12:00	143.67	142.84	144.88	14.241
1	2021-12-04 02:13:00	145.63	144.9	146.18	14.266
1	2021-12-04 02:14:00	144.24	143.47	145.17	14.228
1	2021-12-04 02:15:00	140.57	136.4	143.4	14.259
1	2021-12-04 02:16:00	131.84	128.24	136.05	14.245
1	2021-12-04 02:17:00	126.64	124.92	128.34	14.228
1	2021-12-04 02:18:00	122.89	120.01	125.25	14.227
1	2021-12-04 02:19:00	117.9	116.18	120.17	14.211
1	2021-12-04 02:20:00	116.11	115.83	116.5	14.264
1	2021-12-04 02:21:00	116.22	115.03	116.69	14.23
1	2021-12-04 02:22:00	112.66	110.17	115.14	14.217
1	2021-12-04 02:23:00	108.3	106.77	110.03	14.21
1	2021-12-04 02:24:00	105.39	103.83	106.98	14.245
1	2021-12-04 02:25:00	102.19	100.81	103.73	14.17
1	2021-12-04 02:26:00	99.31	97.845	100.75	14.198
1	2021-12-04 02:27:00	96.364	95.21	97.845	14.259
1	2021-12-04 02:28:00	94.832	94.573	95.21	14.224
1	2021-12-04 02:29:00	95.162	94.926	95.323	14.207
1	2021-12-04 02:30:00	93.829	92.256	95.119	14.175
1	2021-12-04 02:31:00	90.534	89.257	92.21	14.258
1	2021-12-04 02:32:00	88.111	86.769	89.314	14.216
1	2021-12-04 02:33:00	85.064	83.724	86.769	14.254
1	2021-12-04 02:34:00	82.605	81.305	83.702	14.3
1	2021-12-04 02:35:00	79.914	78.442	81.35	14.264
1	2021-12-04 02:36:00	77.212	76.215	78.453	14.236
1	2021-12-04 02:37:00	75.964	75.591	76.249	14.225
1	2021-12-04 02:38:00	73.997	71.955	75.534	14.192
1	2021-12-04 02:39:00	69.669	67.582	71.91	14.3
1	2021-12-04 02:40:00	66.051	64.81	67.479	14.264
1	2021-12-04 02:41:00	63.185	61.606	64.753	14.271
1	2021-12-04 02:42:00	60.097	58.743	61.572	14.311
1	2021-12-04 02:43:00	57.551	56.437	58.653	14.301
1	2021-12-04 02:44:00	55.142	54.063	56.415	14.238
1	2021-12-04 02:45:00	53.514	53.2	54.052	14.236
1	2021-12-04 02:46:00	53.55	53.336	53.711	14.225
1	2021-12-04 02:47:00	52.005	50.564	53.313	14.193
1	2021-12-04 02:48:00	48.886	47.44	50.507	14.229
1	2021-12-04 02:49:00	46.444	45.85	47.406	14.269
1	2021-12-04 02:50:00	45.62	45.327	45.838	14.253
1	2021-12-04 02:51:00	45.179	45.043	45.418	14.236
1	2021-12-04 02:52:00	45.205	44.986	45.327	14.196
1	2021-12-04 02:53:00	43.704	42.135	44.986	14.209
1	2021-12-04 02:54:00	41.035	40.283	42.067	14.238
1	2021-12-04 02:55:00	39.32	38.193	40.272	14.169
1	2021-12-04 02:56:00	36.385	34.626	38.068	14.236
1	2021-12-04 02:57:00	33.13	31.956	34.592	14.239
1	2021-12-04 02:58:00	31.257	30.718	31.888	14.223
1	2021-12-04 02:59:00	30.158	29.377	30.775	14.231
1	2021-12-04 03:00:00	28.616	27.878	29.355	14.28
1	2021-12-04 03:01:00	27.274	26.662	27.889	14.215
1	2021-12-04 03:02:00	25.77	24.833	26.628	14.226
1	2021-12-04 03:03:00	23.653	22.478	24.777	14.293
1	2021-12-04 03:04:00	21.078	19.779	22.402	14.256
1	2021-12-04 03:05:00	18.661	17.731	19.722	14.197
1	2021-12-04 03:06:00	16.894	16.083	17.707	14.217
1	2021-12-04 03:07:00	15.156	14.248	16.049	14.141
1	2021-12-04 03:08:00	13.165	12.01	14.227	14.262
1	2021-12-04 03:09:00	10.655	9.3721	12.024	14.277
1	2021-12-04 03:10:00	8.9297	8.7735	9.3506	14.252
1	2021-12-04 03:11:00	9.416	9.0245	9.6607	14.306
1	2021-12-04 03:12:00	9.4669	9.2097	9.6561	14.21
1	2021-12-04 03:13:00	8.8931	8.5928	9.1926	14.266
1	2021-12-04 03:14:00	8.2221	7.8862	8.5712	14.301
1	2021-12-04 03:15:00	7.5242	7.1603	7.8737	14.296
1	2021-12-04 03:16:00	6.7492	6.3594	7.141	14.289
1	2021-12-04 03:17:00	5.9623	5.5835	6.339	14.212
1	2021-12-04 03:18:00	5.2184	4.8667	5.5722	14.257
1	2021-12-04 03:19:00	4.5346	4.2248	4.861	14.211
1	2021-12-04 03:20:00	3.9268	3.6568	4.2112	14.278
1	2021-12-04 03:21:00	3.3836	3.1275	3.6421	14.303
1	2021-12-04 03:22:00	2.8536	2.589	3.1229	14.306
1	2021-12-04 03:23:00	2.3626	2.1539	2.5822	14.245
1	2021-12-04 03:24:00	1.9616	1.7969	2.1482	14.239
1	2021-12-04 03:25:00	1.634	1.4927	1.7904	14.295
1	2021-12-04 03:26:00	1.3466	1.2155	1.4859	14.296
1	2021-12-04 03:27:00	1.0925	0.97811	1.2076	14.212
1	2021-12-04 03:28:00	0.87121	0.77249	0.97357	14.249
1	2021-12-04 03:29:00	0.6867	0.60777	0.77136	14.215
1	2021-12-04 03:30:00	0.533	0.46349	0.60777	14.21