1	2021-12-05 14:03:00	-0.0080291	-0.0090881	-0.0068161	13.851
1	2021-12-05 14:04:00	-0.0080657	-0.0090881	-0.0068161	13.815
1	2021-12-05 14:05:00	-0.0080468	-0.010224	-0.0079521	13.84
1	2021-12-05 14:06:00	-0.0079711	-0.0090881	-0.0068161	13.836
1	2021-12-05 14:07:00	-0.0079711	-0.0090881	-0.0068161	13.805
1	2021-12-05 14:08:00	-0.0079332	-0.0090881	-0.0068161	13.771
1	2021-12-05 14:09:00	-0.0080468	-0.0090881	-0.0068161	13.819
1	2021-12-05 14:10:00	-0.0079711	-0.0090881	-0.0068161	13.789
1	2021-12-05 14:11:00	-0.0080279	-0.0090881	-0.0068161	13.793
1	2021-12-05 14:12:00	-0.0079521	-0.0079521	-0.0079521	13.795
1	2021-12-05 14:13:00	-0.0079143	-0.0090881	-0.0068161	13.804
1	2021-12-05 14:14:00	-0.0079521	-0.0090881	-0.0068161	13.811
1	2021-12-05 14:15:00	-0.0079521	-0.0090881	-0.0068161	13.833
1	2021-12-05 14:16:00	-0.0081036	-0.0090881	-0.0079521	13.799
1	2021-12-05 14:17:00	-0.0079711	-0.0090881	-0.0068161	13.82
1	2021-12-05 14:18:00	-0.0079329	-0.0090881	-0.0068161	14.312
1	2021-12-05 14:19:00	-0.0079143	-0.0079521	-0.0068161	14.269
1	2021-12-05 14:20:00	-0.0079332	-0.0090881	-0.0068161	14.321
1	2021-12-05 14:21:00	-0.0078764	-0.0090881	-0.0068161	14.331
1	2021-12-05 14:22:00	-0.0079143	-0.0079521	-0.0068161	14.362
1	2021-12-05 14:23:00	-0.0078196	-0.0090881	-0.0068161	14.283
1	2021-12-05 14:24:00	-0.0078953	-0.0090881	-0.0068161	14.272
1	2021-12-05 14:25:00	-0.0075166	-0.0079521	-0.0056801	14.279
1	2021-12-05 14:26:00	-0.007422	-0.0090881	-0.0068161	14.25
1	2021-12-05 14:27:00	-0.0072326	-0.0090881	-0.0068161	14.231
1	2021-12-05 14:28:00	-0.0069676	-0.0079521	-0.0056801	14.273
1	2021-12-05 14:29:00	-0.006835	-0.0079521	-0.0056801	14.26
1	2021-12-05 14:30:00	-0.0067972	-0.0079521	-0.0056801	14.238
1	2021-12-05 14:31:00	-0.0060588	-0.0068161	-0.0045441	14.258
1	2021-12-05 14:32:00	-0.0056612	-0.0068161	-0.0045441	14.317
1	2021-12-05 14:33:00	-0.0051689	-0.0068161	-0.0045441	14.291
1	2021-12-05 14:34:00	-0.0045062	-0.0056801	-0.002272	14.321
1	2021-12-05 14:35:00	-0.003711	-0.0045441	-0.002272	14.226
1	2021-12-05 14:36:00	-0.0023099	-0.0034081	-0.001136	14.226
1	2021-12-05 14:37:00	-0.00075734	-0.002272	0	14.261
1	2021-12-05 14:38:00	0.00064374	-0.001136	0.002272	14.255
1	2021-12-05 14:39:00	0.0023667	0	0.0034081	14.249
1	2021-12-05 14:40:00	0.0053771	0.0034081	0.0068161	14.271
1	2021-12-05 14:41:00	0.0096183	0.0068161	0.012496	14.261
1	2021-12-05 14:42:00	0.01439	0.01136	0.01704	14.235
1	2021-12-05 14:43:00	0.019539	0.015904	0.023856	14.284
1	2021-12-05 14:44:00	0.028097	0.02272	0.035217	14.327
1	2021-12-05 14:45:00	0.073349	0.034081	0.16359	14.291
1	2021-12-05 14:46:00	0.16601	0.16359	0.16927	14.285
1	2021-12-05 14:47:00	0.17746	0.16699	0.18858	14.262
1	2021-12-05 14:48:00	0.2045	0.18858	0.22266	14.247
1	2021-12-05 14:49:00	0.24606	0.22152	0.27151	14.28
1	2021-12-05 14:50:00	0.3039	0.27151	0.3374	14.232
1	2021-12-05 14:51:00	0.3739	0.3374	0.40783	14.223
1	2021-12-05 14:52:00	0.43735	0.40669	0.47258	14.2
1	2021-12-05 14:53:00	0.51469	0.47372	0.56574	14.257
1	2021-12-05 14:54:00	0.63009	0.56574	0.70547	14.199
1	2021-12-05 14:55:00	0.81714	0.70774	0.92813	14.222
1	2021-12-05 14:56:00	1.0718	0.93835	1.2042	14.197
1	2021-12-05 14:57:00	1.3435	1.2099	1.4689	14.198
1	2021-12-05 14:58:00	1.6393	1.4757	1.8119	14.21
1	2021-12-05 14:59:00	2.0088	1.821	2.2141	14.251
1	2021-12-05 15:00:00	2.4202	2.2141	2.6162	14.322
1	2021-12-05 15:01:00	2.814	2.6253	3.0263	14.29
1	2021-12-05 15:02:00	3.3523	3.032	3.6852	14.286
1	2021-12-05 15:03:00	4.0454	3.7	4.4157	14.316
1	2021-12-05 15:04:00	4.7504	4.4236	5.0894	14.277
1	2021-12-05 15:05:00	5.4207	5.0962	5.7426	14.228
1	2021-12-05 15:06:00	6.103	5.7573	6.4503	14.171
1	2021-12-05 15:07:00	6.7921	6.4651	7.1262	14.203
1	2021-12-05 15:08:00	7.4906	7.1376	7.8408	14.202
1	2021-12-05 15:09:00	8.2048	7.8533	8.5769	14.217
1	2021-12-05 15:10:00	8.937	8.5803	9.2426	14.26
1	2021-12-05 15:11:00	9.5811	9.2665	9.9481	14.253
1	2021-12-05 15:12:00	10.36	9.9492	10.855	14.275
1	2021-12-05 15:13:00	11.526	10.884	12.224	14.254
1	2021-12-05 15:14:00	13.019	12.261	13.724	14.21
1	2021-12-05 15:15:00	14.508	13.74	15.346	14.187
1	2021-12-05 15:16:00	16.259	15.334	17.138	14.232
1	2021-12-05 15:17:00	18.211	17.18	19.257	14.246
1	2021-12-05 15:18:00	20.702	19.35	22.065	14.176
1	2021-12-05 15:19:00	23.501	22.132	24.904	14.229
1	2021-12-05 15:20:00	26.13	24.856	27.533	14.208
1	2021-12-05 15:21:00	29.573	27.636	31.72	14.221
1	2021-12-05 15:22:00	33.736	31.964	35.364	14.264
1	2021-12-05 15:23:00	35.638	35.057	36.069	14.25
1	2021-12-05 15:24:00	36.081	35.716	36.534	14.211
1	2021-12-05 15:25:00	36.538	36.421	36.682	14.23
1	2021-12-05 15:26:00	36.891	36.602	37.261	14.191
1	2021-12-05 15:27:00	38.293	37.307	39.181	14.165
1	2021-12-05 15:28:00	40.432	39.204	41.59	14.203
1	2021-12-05 15:29:00	41.805	41.578	41.919	14.233
1	2021-12-05 15:30:00	41.165	40.84	41.635	14.238
1	2021-12-05 15:31:00	41.614	40.953	42.737	14.194
1	2021-12-05 15:32:00	44.493	42.487	46.622	14.206
1	2021-12-05 15:33:00	48.243	46.633	49.78	14.239
1	2021-12-05 15:34:00	50.326	49.633	51.189	14.203
1	2021-12-05 15:35:00	50.933	50.655	51.291	14.27
1	2021-12-05 15:36:00	50.355	49.894	50.882	14.206
1	2021-12-05 15:37:00	49.459	49.133	49.848	14.251
1	2021-12-05 15:38:00	49.024	48.849	49.224	14.27
1	2021-12-05 15:39:00	49.706	48.985	51.03	14.27
1	2021-12-05 15:40:00	53.712	50.814	56.346	14.309
1	2021-12-05 15:41:00	57.875	56.551	58.721	14.284
1	2021-12-05 15:42:00	59.108	58.573	59.97	14.238
1	2021-12-05 15:43:00	61.085	59.936	62.004	14.217
1	2021-12-05 15:44:00	63.043	61.867	64.492	14.224
1	2021-12-05 15:45:00	66.845	64.583	69.32	14.21
1	2021-12-05 15:46:00	71.322	69.445	72.921	14.213
1	2021-12-05 15:47:00	73.054	71.842	73.557	14.192
1	2021-12-05 15:48:00	68.853	66.514	71.739	14.266
1	2021-12-05 15:49:00	67.532	66.23	70.217	14.31
1	2021-12-05 15:50:00	73.258	70.319	74.704	14.338
1	2021-12-05 15:51:00	72.161	68.672	74.432	14.284
1	2021-12-05 15:52:00	64.608	61.288	68.445	14.261
1	2021-12-05 15:53:00	59.531	57.448	61.118	14.287
1	2021-12-05 15:54:00	53.275	48.542	57.335	14.296
1	2021-12-05 15:55:00	45.673	44.123	48.587	14.299
1	2021-12-05 15:56:00	45.331	44.055	48.088	14.286
1	2021-12-05 15:57:00	53.911	48.144	59.448	14.307
1	2021-12-05 15:58:00	63.759	59.709	67.377	14.289
1	2021-12-05 15:59:00	71.907	67.241	76.92	14.282
1	2021-12-05 16:00:00	82.082	77.215	86.315	14.259
1	2021-12-05 16:01:00	91.302	86.292	95.619	14.323
1	2021-12-05 16:02:00	98.462	95.664	100.15	14.286
1	2021-12-05 16:03:00	87.818	76.397	97.357	14.225
1	2021-12-05 16:04:00	64.546	52.598	76.136	14.239
1	2021-12-05 16:05:00	43.377	36.069	52.257	14.266
1	2021-12-05 16:06:00	31.504	28.173	36.023	14.248
1	2021-12-05 16:07:00	26.961	26.526	28.173	14.263
1	2021-12-05 16:08:00	27.488	26.992	27.73	14.241
1	2021-12-05 16:09:00	29.308	27.605	31.672	14.286
1	2021-12-05 16:10:00	39.836	31.706	53.211	14.231
1	2021-12-05 16:11:00	61.961	53.893	64.742	14.297
1	2021-12-05 16:12:00	69.96	64.81	78.476	14.256
1	2021-12-05 16:13:00	90.848	77.76	103.15	14.249
1	2021-12-05 16:14:00	116.21	103.5	129.64	14.236
1	2021-12-05 16:15:00	169.47	131.03	350.97	14.3
1	2021-12-05 16:16:00	205.03	172.04	329.72	14.306
1	2021-12-05 16:17:00	209.29	185.84	227.84	14.342
1	2021-12-05 16:18:00	239.49	221.99	256.19	14.336
1	2021-12-05 16:19:00	271.67	253.12	287.04	14.356
1	2021-12-05 16:20:00	283.74	271.34	290.56	14.312
1	2021-12-05 16:21:00	261.86	246.3	280.6	14.333
1	2021-12-05 16:22:00	243.2	234.97	250.14	14.239
1	2021-12-05 16:23:00	247.8	238.45	265.16	14.267
1	2021-12-05 16:24:00	263.71	239.07	297.86	14.294
1	2021-12-05 16:25:00	255.63	242.4	306.07	14.271
1	2021-12-05 16:26:00	235.05	225.19	246.38	14.268
1	2021-12-05 16:27:00	226.16	222.26	231.5	14.259
1	2021-12-05 16:28:00	242.28	227.42	256.88	14.271
1	2021-12-05 16:29:00	266.96	258.22	271.58	14.272
1	2021-12-05 16:30:00	257.92	245.28	267.67	14.269
1	2021-12-05 16:31:00	244.01	239.51	247.96	14.228
1	2021-12-05 16:32:00	251.04	243.93	260.55	14.27
1	2021-12-05 16:33:00	268.94	258	280.37	14.231
1	2021-12-05 16:34:00	282.97	274.22	290.98	14.238
1	2021-12-05 16:35:00	302.66	289.96	320.98	14.296
1	2021-12-05 16:36:00	323.12	308.21	337.47	14.268
1	2021-12-05 16:37:00	338.88	328.04	348.38	14.264
1	2021-12-05 16:38:00	344.04	333.55	353.53	14.296
1	2021-12-05 16:39:00	370.07	349.1	393.52	14.28
1	2021-12-05 16:40:00	360.01	349.33	382.72	14.213
1	2021-12-05 16:41:00	368.8	350.8	421.12	14.265
1	2021-12-05 16:42:00	364.17	355.91	375.23	14.197
1	2021-12-05 16:43:00	361.9	347.96	371.48	14.228
1	2021-12-05 16:44:00	351.22	343.87	360.57	14.268
1	2021-12-05 16:45:00	351.14	339.78	363.53	14.301
1	2021-12-05 16:46:00	333.81	319.11	342.85	14.334
1	2021-12-05 16:47:00	316.61	310.02	324.67	14.306
1	2021-12-05 16:48:00	408.23	312.75	575.71	14.341
1	2021-12-05 16:49:00	378.08	343.19	442.36	14.271
1	2021-12-05 16:50:00	439.82	414.08	510.53	14.257
1	2021-12-05 16:51:00	429.56	417.71	450.09	14.205
1	2021-12-05 16:52:00	397.78	380	419.87	14.283
1	2021-12-05 16:53:00	371.89	363.07	381.59	14.254
1	2021-12-05 16:54:00	389.66	361.14	510.19	14.291
1	2021-12-05 16:55:00	389.85	352.39	493.37	14.34
1	2021-12-05 16:56:00	582.18	420.78	973.11	14.33
1	2021-12-05 16:57:00	423.23	414.08	433.96	14.33
1	2021-12-05 16:58:00	448.34	417.26	478.15	14.311
1	2021-12-05 16:59:00	577.75	466.33	762.84	14.278
1	2021-12-05 17:00:00	628.26	490.42	869.05	14.302
1	2021-12-05 17:01:00	555.87	482.58	783.74	14.37
1	2021-12-05 17:02:00	467.82	447.48	488.6	14.331
1	2021-12-05 17:03:00	433.82	418.39	451.23	14.251
1	2021-12-05 17:04:00	421.1	404.08	435.89	14.324
1	2021-12-05 17:05:00	417.15	405.67	428.51	14.285
1	2021-12-05 17:06:00	431.39	416.92	442.59	14.326
1	2021-12-05 17:07:00	433.76	424.87	442.14	14.252
1	2021-12-05 17:08:00	435.47	419.76	449.98	14.239
1	2021-12-05 17:09:00	469.44	443.16	515.07	14.245
1	2021-12-05 17:10:00	516.38	498.26	534.27	14.269
1	2021-12-05 17:11:00	535.44	523.25	554.94	14.239
1	2021-12-05 17:12:00	514.33	487.58	554.38	14.233
1	2021-12-05 17:13:00	514.73	492.01	546.99	14.269
1	2021-12-05 17:14:00	530.73	496.44	589.02	14.261
1	2021-12-05 17:15:00	488.89	472.92	503.6	14.297
1	2021-12-05 17:16:00	493.01	471.45	502.57	14.279
1	2021-12-05 17:17:00	505.25	479.85	558.01	14.239
1	2021-12-05 17:18:00	484.16	470.08	520.52	14.21
1	2021-12-05 17:19:00	555.25	496.1	804.07	14.177
1	2021-12-05 17:20:00	520.71	503.26	537.22	14.285
1	2021-12-05 17:21:00	509.43	489.17	530.41	14.269
1	2021-12-05 17:22:00	501.92	482.81	549.83	14.244
1	2021-12-05 17:23:00	487.18	480.19	494.96	14.284
1	2021-12-05 17:24:00	511.11	480.88	591.18	14.276
1	2021-12-05 17:25:00	627.88	553.01	840.99	14.274
1	2021-12-05 17:26:00	578.69	543.47	599.02	14.261
1	2021-12-05 17:27:00	552.84	529.84	580.96	14.228
1	2021-12-05 17:28:00	633.71	570.51	765.33	14.239
1	2021-12-05 17:29:00	635.6	596.41	688.77	14.207
1	2021-12-05 17:30:00	741.53	605.04	985.61	14.273
1	2021-12-05 17:31:00	672.01	584.59	900.18	14.253
1	2021-12-05 17:32:00	725.74	576.87	1027.4	14.232
1	2021-12-05 17:33:00	576.56	524.16	728.75	14.264
1	2021-12-05 17:34:00	545.96	524.27	583.8	14.288
1	2021-12-05 17:35:00	599.7	570.51	633.1	14.299
1	2021-12-05 17:36:00	931.12	630.72	1248.8	14.349
1	2021-12-05 17:37:00	691.74	561.65	962.66	14.324
1	2021-12-05 17:38:00	543.97	532.91	567.67	14.219
1	2021-12-05 17:39:00	606.63	540.63	680.25	14.211
1	2021-12-05 17:40:00	562.53	552.9	575.39	14.264
1	2021-12-05 17:41:00	551.65	540.4	562.56	14.204
1	2021-12-05 17:42:00	528.71	514.16	542.56	14.243
1	2021-12-05 17:43:00	530.15	514.05	544.04	14.316
1	2021-12-05 17:44:00	540.63	532	548.24	14.273
1	2021-12-05 17:45:00	520.08	512.34	531.43	14.297
1	2021-12-05 17:46:00	525.67	515.18	549.04	14.325
1	2021-12-05 17:47:00	562.38	543.47	579.94	14.24
1	2021-12-05 17:48:00	565.2	552.56	578.46	14.229
1	2021-12-05 17:49:00	554.73	544.95	573.23	14.275
1	2021-12-05 17:50:00	604.76	560.28	641.4	14.222
1	2021-12-05 17:51:00	635.76	625.26	646.28	14.241
1	2021-12-05 17:52:00	727.09	628.22	872.35	14.311
1	2021-12-05 17:53:00	969.38	734.32	1369.9	14.238
1	2021-12-05 17:54:00	837.13	718.3	1312.7	14.294
1	2021-12-05 17:55:00	783.84	723.53	915.52	14.337
1	2021-12-05 17:56:00	695.97	673.2	731.48	14.22
1	2021-12-05 17:57:00	661.73	624.81	692.63	14.267
1	2021-12-05 17:59:00	726.56	621.17	912.34	13.773
1	2021-12-05 18:00:00	798.32	709.56	1028.2	13.794
1	2021-12-05 18:01:00	662.63	614.02	727.05	13.72
1	2021-12-05 18:02:00	615.34	588.34	663.43	13.821
1	2021-12-05 18:03:00	571.43	543.7	598.91	13.746
1	2021-12-05 18:04:00	540.88	523.93	559.15	13.8
1	2021-12-05 18:05:00	597.83	552.1	706.94	13.815
1	2021-12-05 18:06:00	846.91	693.65	1281.1	13.77
1	2021-12-05 18:07:00	782.39	746.36	913.24	13.807
1	2021-12-05 18:08:00	693.17	650.14	745.34	13.805
1	2021-12-05 18:09:00	650.04	634.47	658.89	13.747
1	2021-12-05 18:10:00	636.68	617.43	660.82	13.806
1	2021-12-05 18:11:00	616.73	600.16	635.26	13.766
1	2021-12-05 18:12:00	648.71	611.75	719.44	13.834
1	2021-12-05 18:14:00	852.45	693.65	1111.6	14.373
1	2021-12-05 18:15:00	1008.7	933.47	1127.7	14.396
1	2021-12-05 18:16:00	997.06	931.87	1071.8	14.421
1	2021-12-05 18:17:00	959.69	906.88	1042.5	14.358
1	2021-12-05 18:18:00	910.94	849.63	1075.5	14.257
1	2021-12-05 18:19:00	1074	947.1	1370.8	14.3
1	2021-12-05 18:20:00	1139.7	999.58	1560	14.255
1	2021-12-05 18:21:00	1114.8	924.26	1659.4	14.262
1	2021-12-05 18:22:00	1062.5	869.05	1709.9	14.256
1	2021-12-05 18:23:00	1309.7	838.49	1826.8	14.217
1	2021-12-05 18:24:00	845.62	750	956.3	14.29
1	2021-12-05 18:25:00	799.67	740.34	898.13	14.3
1	2021-12-05 18:26:00	748.6	726.03	785.56	14.29
1	2021-12-05 18:27:00	901.26	743.75	1301.9	14.264
1	2021-12-05 18:28:00	1152.8	912.22	1482.2	14.248
1	2021-12-05 18:29:00	1210.3	827.36	1896.5	14.179
1	2021-12-05 18:30:00	864.64	808.62	978.34	14.264
1	2021-12-05 18:31:00	1161.6	844.29	1479.9	14.238
1	2021-12-05 18:32:00	1187	1080.6	1340.6	14.257
1	2021-12-05 18:33:00	1260.7	1107.7	1423.8	14.235
1	2021-12-05 18:34:00	1380.1	987.77	1589.4	14.248
1	2021-12-05 18:35:00	1421.6	1047.1	1665.9	14.208
1	2021-12-05 18:36:00	1344.8	929.26	1670.2	14.238
1	2021-12-05 18:37:00	1187.5	957.43	1440.1	14.228
1	2021-12-05 18:38:00	1119.1	689.11	1738.9	14.292
1	2021-12-05 18:39:00	777.4	629.47	971.29	14.306
1	2021-12-05 18:40:00	1123.4	903.36	1557.5	14.289
1	2021-12-05 18:41:00	841.74	741.71	1216.6	14.236
1	2021-12-05 18:42:00	938.73	817.48	1231.6	14.248
1	2021-12-05 18:43:00	1425.7	919.26	1972.8	14.309
1	2021-12-05 18:44:00	1071.2	956.98	1179.2	14.3
1	2021-12-05 18:45:00	958.17	813.27	1446.1	14.32
1	2021-12-05 18:46:00	1030.2	856.22	1189.2	14.326
1	2021-12-05 18:47:00	1087.3	889.05	1342.5	14.207
1	2021-12-05 18:48:00	1172.2	832.47	1483.4	14.258
1	2021-12-05 18:49:00	786.44	758.18	833.72	14.283
1	2021-12-05 18:50:00	979.1	785.33	1322.6	14.298
1	2021-12-05 18:51:00	1151.3	921.2	1452.4	14.267
1	2021-12-05 18:52:00	680.46	593	1026.7	14.316
1	2021-12-05 18:53:00	612.99	587.78	650.71	14.219
1	2021-12-05 18:54:00	756.98	657.75	859.4	14.234
1	2021-12-05 18:55:00	1430.1	864.51	2195.6	14.23
1	2021-12-05 18:56:00	1647.6	1250.6	1923.7	14.231
1	2021-12-05 18:57:00	1530.1	1263.6	1864.3	14.216
1	2021-12-05 18:58:00	1463.1	1225.4	1701.3	14.222
1	2021-12-05 18:59:00	1619.2	1506.5	1713.2	14.216
1	2021-12-05 19:00:00	1558.1	1494.9	1625.1	14.213
1	2021-12-05 19:01:00	1519.7	1364.7	1618	14.162
1	2021-12-05 19:02:00	1477.7	1259.2	1666.8	14.208
1	2021-12-05 19:03:00	1535.3	1357.9	1624.8	14.304
1	2021-12-05 19:04:00	1574.5	1456.3	1658.1	14.298
1	2021-12-05 19:05:00	1546	1370.9	1672.3	14.272
1	2021-12-05 19:06:00	1225.6	900.29	1514	14.254
1	2021-12-05 19:07:00	1438.8	1309	1660.4	14.232
1	2021-12-05 19:08:00	1604.5	1275.3	1810.8	14.228
1	2021-12-05 19:09:00	1599.9	1492.4	1680.6	14.247
1	2021-12-05 19:10:00	1620.5	1519.8	1703.9	14.173
1	2021-12-05 19:11:00	1625.9	1404	1733.7	14.212
1	2021-12-05 19:12:00	1373.3	935.51	1810.1	14.214
1	2021-12-05 19:13:00	937.04	870.3	1099.3	14.285
1	2021-12-05 19:14:00	899.2	849.29	1057.4	14.254
1	2021-12-05 19:15:00	1681.8	1035.5	2018.6	14.294
1	2021-12-05 19:16:00	1800.5	1145	2128.4	14.255
1	2021-12-05 19:17:00	1220.8	1004.1	1688.8	14.233
1	2021-12-05 19:18:00	1710.8	1272.7	2075.7	14.272
1	2021-12-05 19:19:00	1282.9	976.63	1661	14.265
1	2021-12-05 19:20:00	1353.2	848.6	2148.4	14.271
1	2021-12-05 19:21:00	1525.6	1177.8	2059.6	14.309
1	2021-12-05 19:22:00	1581.4	1085.9	2060.1	14.283
1	2021-12-05 19:23:00	1715.1	1295.4	1919.8	14.347
1	2021-12-05 19:24:00	1508.2	1118.4	1899.3	14.379
1	2021-12-05 19:25:00	1656.4	1279.3	1886.5	14.317
1	2021-12-05 19:26:00	1201.6	639.35	1857.4	14.308
1	2021-12-05 19:27:00	1595.1	1121.5	1861.7	14.269
1	2021-12-05 19:28:00	1720.1	1522.6	1795.7	14.232
1	2021-12-05 19:29:00	1751.7	1702	1814.4	14.232
1	2021-12-05 19:30:00	1772.3	1446.5	1932.8	14.251
1	2021-12-05 19:31:00	1667.2	1372.3	2047.9	14.255
1	2021-12-05 19:32:00	1450.9	1153.2	1786.7	14.234
1	2021-12-05 19:33:00	1605.8	1167.3	2256.2	14.218
1	2021-12-05 19:34:00	1573.8	1300.9	2306.7	14.22
1	2021-12-05 19:35:00	1205	1040.4	2225.7	14.258
1	2021-12-05 19:36:00	1079	1012.6	1189.8	14.238
1	2021-12-05 19:37:00	1136.5	1093.1	1184.2	14.289
1	2021-12-05 19:38:00	1473.6	1125.1	2603	14.259
1	2021-12-05 19:39:00	1126.2	1079.3	1195.3	14.269
1	2021-12-05 19:40:00	1173.7	1093	1296.9	14.242
1	2021-12-05 19:41:00	1255.2	1168.3	1381.5	14.278
1	2021-12-05 19:42:00	1245	1155.8	1416.3	14.238
1	2021-12-05 19:43:00	1768.5	1278.9	2509.2	14.198
1	2021-12-05 19:44:00	1473.1	1311.4	1710.6	14.229
1	2021-12-05 19:45:00	1527.7	1220.3	2025.5	14.186
1	2021-12-05 19:46:00	1508.2	1360.8	1739.8	14.204
1	2021-12-05 19:47:00	1500.8	1265.3	1761.3	14.262
1	2021-12-05 19:48:00	1858.6	1473.9	2122.8	14.191
1	2021-12-05 19:49:00	1913.8	1701.1	2079.3	14.292
1	2021-12-05 19:50:00	1725.3	1139.2	2073.8	14.308
1	2021-12-05 19:51:00	1431.8	992.88	2291.1	14.296
1	2021-12-05 19:52:00	1258.9	1007.4	1911.8	14.335
1	2021-12-05 19:53:00	1237.9	957.09	2198.8	14.288
1	2021-12-05 19:54:00	983.84	950.96	1045.2	14.358
1	2021-12-05 19:55:00	1327.6	1046.2	2159.6	14.275
1	2021-12-05 19:56:00	1453.1	1063.3	2149.5	14.302
1	2021-12-05 19:57:00	1070.8	1029.2	1162.3	14.246
1	2021-12-05 19:58:00	1399.5	1179	2244.1	14.259
1	2021-12-05 19:59:00	1530.9	1251.2	2249.7	14.332
1	2021-12-05 20:00:00	1465.4	1319.1	1813.8	14.293
1	2021-12-05 20:01:00	1623.8	1337.9	2113.4	14.264
1	2021-12-05 20:02:00	1980.4	1635.9	2463.8	14.212
1	2021-12-05 20:03:00	1777.5	1383.3	2254.7	14.157
1	2021-12-05 20:04:00	2092.2	1631.3	2311.3	14.223
1	2021-12-05 20:05:00	1661.1	1344.6	2042.4	14.232
1	2021-12-05 20:06:00	1367.4	1163.2	1942.5	14.268
1	2021-12-05 20:07:00	1394.1	1137.3	2196.1	14.243
1	2021-12-05 20:08:00	1285.9	1035.5	1937.8	14.25
1	2021-12-05 20:09:00	1208.7	1045.8	2118.1	14.196
1	2021-12-05 20:10:00	1552.2	1211	2435.3	14.218
1	2021-12-05 20:11:00	1209.3	1123.1	1398.9	14.223
1	2021-12-05 20:12:00	1382	1135.9	2559.3	14.236
1	2021-12-05 20:13:00	1934.3	1478.2	2372	14.202
1	2021-12-05 20:14:00	1992.1	1717.3	2342.2	14.192
1	2021-12-05 20:15:00	2149.3	1849	2479.7	14.301
1	2021-12-05 20:16:00	2217.1	1928.5	2399.8	14.282
1	2021-12-05 20:17:00	1938.8	1114.5	2396.3	14.264
1	2021-12-05 20:18:00	1281.6	839.97	1811.4	14.217
1	2021-12-05 20:19:00	1537.4	1266.2	2159.5	14.2
1	2021-12-05 20:20:00	1291.1	1086.3	1832.2	14.202
1	2021-12-05 20:21:00	1077.9	1005.1	1127.4	14.254
1	2021-12-05 20:22:00	975.73	950.39	1017.4	14.305
1	2021-12-05 20:23:00	1017.9	959.82	1094.6	14.303
1	2021-12-05 20:24:00	1481.2	1101.5	2311	14.269
1	2021-12-05 20:25:00	2372.2	2192.4	2563.1	14.261
1	2021-12-05 20:26:00	2238.5	2123.3	2343.8	14.243
1	2021-12-05 20:27:00	1919.4	1387.4	2275.9	14.25
1	2021-12-05 20:28:00	1981.7	1668	2353.1	14.25
1	2021-12-05 20:29:00	2010.8	1613.9	2376.8	14.266
1	2021-12-05 20:30:00	1764.9	1273.5	2376.4	14.194
1	2021-12-05 20:31:00	1434.3	1017.4	2236.5	14.238
1	2021-12-05 20:32:00	1102	1026.2	1203.7	14.306
1	2021-12-05 20:33:00	1442.4	1090.9	2203.8	14.354
1	2021-12-05 20:34:00	1459.9	1086.6	2081.3	14.266
1	2021-12-05 20:35:00	1444.7	1320.3	1658.8	14.254
1	2021-12-05 20:36:00	1971.7	1327.5	2455.3	14.22
1	2021-12-05 20:37:00	1890.8	1460.3	2335	14.222
1	2021-12-05 20:38:00	1826.1	1482.2	2148	14.237
1	2021-12-05 20:39:00	1845.8	1735.5	2048.6	14.273
1	2021-12-05 20:40:00	1844.3	1659.6	2043.1	14.228
1	2021-12-05 20:41:00	1895.2	1678.5	2016.2	14.202
1	2021-12-05 20:42:00	1834.1	1616.7	1934.5	14.177
1	2021-12-05 20:43:00	1902.5	1790.8	1945.2	14.194
1	2021-12-05 20:44:00	1874.5	1848.3	1909.6	14.231
1	2021-12-05 20:45:00	1849.9	1828.1	1865.7	14.262
1	2021-12-05 20:46:00	1840.7	1814	1872	14.25
1	2021-12-05 20:47:00	1837.2	1815	1864.9	14.226
1	2021-12-05 20:48:00	1837.4	1810	1870.3	14.198
1	2021-12-05 20:49:00	1837.4	1803.1	1868.9	14.181
1	2021-12-05 20:50:00	1837.7	1794.7	1860.7	14.226
1	2021-12-05 20:51:00	1839.3	1821.4	1859.2	14.285
1	2021-12-05 20:52:00	1840.2	1807.7	1862.4	14.254
1	2021-12-05 20:53:00	1841.2	1826.5	1859.4	14.284
1	2021-12-05 20:54:00	1841.3	1817.2	1862	14.29
1	2021-12-05 20:55:00	1841.4	1817.9	1859.3	14.261
1	2021-12-05 20:56:00	1841.1	1813.9	1873.6	14.25
1	2021-12-05 20:57:00	1842.2	1804.2	1860.5	14.224
1	2021-12-05 20:58:00	1844.9	1825	1865.6	14.223
1	2021-12-05 20:59:00	1844.4	1806.2	1874	14.348
1	2021-12-05 21:00:00	1847.8	1821.4	1866	14.282
1	2021-12-05 21:01:00	1863	1818.6	1906.5	14.309
1	2021-12-05 21:02:00	1865.7	1827.9	1908.2	14.227
1	2021-12-05 21:03:00	1880.6	1683	1964.6	14.246
1	2021-12-05 21:04:00	1813.6	1524.5	2062.2	14.236
1	2021-12-05 21:05:00	1652	1381.3	1861.4	14.282
1	2021-12-05 21:06:00	1861	1295.4	2083.3	14.262
1	2021-12-05 21:07:00	1504	1083	2234.7	14.281
1	2021-12-05 21:08:00	1773.8	1395	2198.8	14.188
1	2021-12-05 21:09:00	1707	1501	2050.6	14.196
1	2021-12-05 21:10:00	1533.9	1279.5	2045.3	14.206
1	2021-12-05 21:11:00	1587.6	1244.3	2167.2	14.26
1	2021-12-05 21:12:00	1862.9	1564.2	2108.9	14.16
1	2021-12-05 21:13:00	1892.5	1610.8	2029.4	14.247
1	2021-12-05 21:14:00	1936.9	1607.9	2018.7	14.217
1	2021-12-05 21:15:00	1782.7	1179.5	2027.2	14.244
1	2021-12-05 21:16:00	1836.8	1361.3	1998.7	14.34
1	2021-12-05 21:17:00	1769.7	1417.6	1950.3	14.331
1	2021-12-05 21:18:00	1944.3	1898.4	1973.3	14.309
1	2021-12-05 21:19:00	1931.5	1889.2	1963.8	14.228
1	2021-12-05 21:20:00	1892.4	1852.4	1935	14.214
1	2021-12-05 21:21:00	1876	1828.6	1914.9	14.249
1	2021-12-05 21:22:00	1876.4	1843.1	1917.4	14.252
1	2021-12-05 21:23:00	1873.3	1833.3	1896.8	14.213
1	2021-12-05 21:24:00	1870.4	1832.8	1907	14.217
1	2021-12-05 21:25:00	1871.6	1825.4	1906.7	14.235
1	2021-12-05 21:26:00	1869.4	1846.9	1894.4	14.246
1	2021-12-05 21:27:00	1868.4	1835.6	1895.8	14.269
1	2021-12-05 21:28:00	1869.8	1815.8	1906.5	14.281
1	2021-12-05 21:29:00	1875.8	1854	1911.7	14.244
1	2021-12-05 21:30:00	1892.6	1814.7	1962.9	14.313
1	2021-12-05 21:31:00	1826.3	1525	1988.9	14.279
1	2021-12-05 21:32:00	1794.2	1683.3	1926.1	14.347
1	2021-12-05 21:33:00	1765.6	1621.3	1873.4	14.32
1	2021-12-05 21:34:00	1617	1419.7	1798.3	14.275
1	2021-12-05 21:35:00	1924	1639.2	2020.1	14.269
1	2021-12-05 21:36:00	1946.4	1884.9	2006.9	14.154
1	2021-12-05 21:37:00	1911.5	1520	2179.8	14.21
1	2021-12-05 21:38:00	1834.9	1310.6	2349.4	14.199
1	2021-12-05 21:39:00	1706	1244.4	2353.1	14.219
1	2021-12-05 21:40:00	1785.4	1295.9	2395.1	14.245
1	2021-12-05 21:41:00	2132	1643.9	2411.5	14.182
1	2021-12-05 21:42:00	1690.3	1370.6	2040.2	14.177
1	2021-12-05 21:43:00	1812.1	1344.2	2312.4	14.223
1	2021-12-05 21:44:00	1785.7	1495.6	2324.2	14.235
1	2021-12-05 21:45:00	1705.7	1321.3	2221.9	14.246
1	2021-12-05 21:46:00	1653.5	1247.7	2305.2	14.253
1	2021-12-05 21:47:00	2072.5	1809.4	2213.1	14.268
1	2021-12-05 21:48:00	1929.2	1853.2	2031.4	14.238
1	2021-12-05 21:49:00	1869.1	1820	1917.4	14.249
1	2021-12-05 21:50:00	1854.8	1805.4	1886.8	14.213
1	2021-12-05 21:51:00	1849.9	1802.7	1894.8	14.262
1	2021-12-05 21:52:00	1849.6	1803.2	1891.1	14.31
1	2021-12-05 21:53:00	1850.8	1810.9	1887.4	14.31
1	2021-12-05 21:54:00	1855.4	1811.5	1898.1	14.3
1	2021-12-05 21:55:00	1892.1	1835.5	1952.4	14.35
1	2021-12-05 21:56:00	1988.6	1896.7	2070.8	14.283
1	2021-12-05 21:57:00	1642.3	1151.4	2129.3	14.264
1	2021-12-05 21:58:00	1602	1248.3	2147.5	14.249
1	2021-12-05 21:59:00	1721.9	1373.9	2023.4	14.222
1	2021-12-05 22:00:00	1706	1031.5	2158.2	14.335
1	2021-12-05 22:01:00	1846.9	1382.9	2139.1	14.363
1	2021-12-05 22:02:00	1823.5	1401.8	2095.4	14.329
1	2021-12-05 22:03:00	1791.8	1243.9	1990	14.278
1	2021-12-05 22:04:00	1864.2	1806.8	1915.7	14.216
1	2021-12-05 22:05:00	1839.4	1762.9	1907.7	14.244
1	2021-12-05 22:06:00	1855.6	1800.6	1906.2	14.175
1	2021-12-05 22:07:00	1905.4	1841.7	1970.5	14.217
1	2021-12-05 22:08:00	1706.2	929.49	2087.1	14.207
1	2021-12-05 22:09:00	1794.3	1432.4	2390.1	14.204
1	2021-12-05 22:10:00	1441.7	1176.9	1843.3	14.197
1	2021-12-05 22:11:00	1889.4	1548.3	2511.1	14.236
1	2021-12-05 22:12:00	1739.3	1235.3	2349.4	14.208
1	2021-12-05 22:13:00	1374.9	1167.1	1885.9	14.223
1	2021-12-05 22:14:00	1546.6	1183.7	2134.6	14.258
1	2021-12-05 22:15:00	1930.1	1380.9	2504.6	14.231
1	2021-12-05 22:16:00	1627.8	1078.9	2472.2	14.307
1	2021-12-05 22:17:00	1579.3	1088.8	2276	14.29
1	2021-12-05 22:18:00	1798.4	1253.9	2392.1	14.271
1	2021-12-05 22:19:00	2063.2	1299.4	2329.9	14.243
1	2021-12-05 22:20:00	1757.4	1298.1	2280.1	14.262
1	2021-12-05 22:21:00	1631.4	1035	2112.9	14.242
1	2021-12-05 22:22:00	1921.1	1517	2065.4	14.236
1	2021-12-05 22:23:00	1861.8	1702	1925.4	14.262
1	2021-12-05 22:24:00	1908.7	1856.5	2042.9	14.285
1	2021-12-05 22:25:00	1760.9	1299.4	2169.6	14.296
1	2021-12-05 22:26:00	1380.2	1306.8	1576.6	14.282
1	2021-12-05 22:27:00	1056.3	815.32	1390.5	14.308
1	2021-12-05 22:28:00	722.79	684.56	811.8	14.374
1	2021-12-05 22:29:00	674.55	657.19	685.36	14.314
1	2021-12-05 22:30:00	615.66	571.76	655.94	14.342
1	2021-12-05 22:31:00	490.98	407.72	570.85	14.261
1	2021-12-05 22:32:00	356.15	311.15	404.99	14.251
1	2021-12-05 22:33:00	248.84	206.93	308.88	14.278
1	2021-12-05 22:34:00	212.78	204.24	228.52	14.309
1	2021-12-05 22:35:00	299.92	227.76	420.1	14.275
1	2021-12-05 22:36:00	588.63	428.73	704.44	14.232
1	2021-12-05 22:37:00	819.38	712.06	932.22	14.249
1	2021-12-05 22:38:00	974.69	931.62	1000.9	14.262
1	2021-12-05 22:39:00	997.69	975.72	1052.9	14.229
1	2021-12-05 22:40:00	1121.7	1021.2	1212.7	14.29
1	2021-12-05 22:41:00	1009.1	975.5	1083	14.222
1	2021-12-05 22:42:00	1128.7	1081.9	1159.9	14.239
1	2021-12-05 22:43:00	1112.6	1087.6	1131.6	14.243
1	2021-12-05 22:44:00	1181.5	1129.3	1237.1	14.278
1	2021-12-05 22:45:00	1253.8	1220.1	1342.5	14.227
1	2021-12-05 22:46:00	1316.1	1279.7	1355.9	14.301
1	2021-12-05 22:47:00	1343	1315.2	1376.4	14.229
1	2021-12-05 22:48:00	1341.7	1301.4	1383.4	14.264
1	2021-12-05 22:49:00	1169.3	1102.2	1296.2	14.207
1	2021-12-05 22:50:00	1354.9	1128.3	1614.2	14.308
1	2021-12-05 22:51:00	1571.1	1325.5	1813.1	14.264
1	2021-12-05 22:52:00	1669	1432.6	1946	14.269
1	2021-12-05 22:53:00	1682.2	1515.7	1909.2	14.279
1	2021-12-05 22:54:00	1468.1	1325.7	1753.2	14.269
1	2021-12-05 22:55:00	1481.9	1272.9	1981.3	14.242
1	2021-12-05 22:56:00	1724	1563.5	1861.9	14.3
1	2021-12-05 22:57:00	1631.6	1197.1	1928.2	14.288
1	2021-12-05 22:58:00	1767.6	1661.4	1845.9	14.347
1	2021-12-05 22:59:00	1745.5	1705.2	1790.7	14.331
1	2021-12-05 23:00:00	1730.4	1695.8	1786.4	14.305
1	2021-12-05 23:01:00	1716	1637.1	1781.4	14.339
1	2021-12-05 23:02:00	1693	1650.9	1728.4	14.41
1	2021-12-05 23:03:00	1684	1636.8	1752.6	14.431
1	2021-12-05 23:04:00	1678.9	1633.3	1726.6	14.425
1	2021-12-05 23:05:00	1670.7	1620.2	1715.3	14.403
1	2021-12-05 23:06:00	1668	1617.9	1705.4	14.385
1	2021-12-05 23:07:00	1661.4	1617.6	1704.7	14.311
1	2021-12-05 23:08:00	1658.6	1613.4	1717.9	14.344
1	2021-12-05 23:09:00	1651.4	1596	1722	14.254
1	2021-12-05 23:10:00	1647.7	1610.1	1692	14.302
1	2021-12-05 23:11:00	1641.5	1576	1698	14.291
1	2021-12-05 23:12:00	1634.3	1558.4	1720.4	14.238
1	2021-12-05 23:13:00	1633.3	1593.6	1675.7	14.232
1	2021-12-05 23:14:00	1626.9	1565.9	1670.5	14.296
1	2021-12-05 23:15:00	1630.7	1590.5	1660.6	14.257
1	2021-12-05 23:16:00	1621.7	1583	1662.2	14.28
1	2021-12-05 23:17:00	1623.6	1572.2	1673.8	14.254
1	2021-12-05 23:18:00	1633.6	1586.1	1680.6	14.232
1	2021-12-05 23:19:00	1635.9	1599.7	1672	14.241
1	2021-12-05 23:20:00	1650.7	1596.6	1691.1	14.313
1	2021-12-05 23:21:00	1652.9	1612.2	1709.6	14.32
1	2021-12-05 23:22:00	1644.1	1590.5	1700	14.269
1	2021-12-05 23:23:00	1623.2	1576.8	1692.9	14.279
1	2021-12-05 23:24:00	1595.6	1556.8	1635.1	14.292
1	2021-12-05 23:25:00	1586.4	1519.9	1647.7	14.308
1	2021-12-05 23:26:00	1578.2	1536.2	1611.1	14.323
1	2021-12-05 23:27:00	1571	1527.9	1608.8	13.829
1	2021-12-05 23:28:00	1561.6	1526.8	1618.6	13.811
1	2021-12-05 23:29:00	1559.1	1492.3	1628	13.769
1	2021-12-05 23:30:00	1559.3	1506.6	1607.5	13.831
1	2021-12-05 23:31:00	1547.9	1511.4	1595.9	13.788
1	2021-12-05 23:32:00	1544.7	1501.2	1600.6	13.783
1	2021-12-05 23:33:00	1540	1266.3	1627.6	13.808
1	2021-12-05 23:34:00	1533.7	1464.8	1601.1	13.805
1	2021-12-05 23:35:00	1525.3	1473	1565.3	13.807
1	2021-12-05 23:36:00	1479	1037	1587.1	13.848
1	2021-12-05 23:37:00	1515	1445.6	1565	13.806
1	2021-12-05 23:38:00	1505.6	1438.2	1566.8	13.858
1	2021-12-05 23:39:00	1500.3	1453.1	1543.7	13.847
1	2021-12-05 23:40:00	1493.6	1446.8	1543.5	13.853
1	2021-12-05 23:41:00	1487.2	1441.9	1533.1	13.888
1	2021-12-05 23:42:00	1483.1	1439.8	1522	14.384
1	2021-12-05 23:43:00	1476.6	1414.5	1519.3	14.342
1	2021-12-05 23:44:00	1469.6	1427.5	1524.8	14.351
1	2021-12-05 23:45:00	1465.7	1414.1	1517	14.279
1	2021-12-05 23:46:00	1461	1409.8	1517.6	14.275
1	2021-12-05 23:47:00	1458.8	1403.3	1505	14.358
1	2021-12-05 23:48:00	1455.9	1395.7	1540.9	14.287
1	2021-12-05 23:49:00	1449	1397.6	1496.7	14.266
1	2021-12-05 23:50:00	1442.9	1377.4	1493.4	14.228
1	2021-12-05 23:51:00	1434.1	1397.5	1480.3	14.225
1	2021-12-05 23:52:00	1426.6	1374.8	1497.2	14.271
1	2021-12-05 23:53:00	1423.9	1366.4	1482	14.247
1	2021-12-05 23:54:00	1421	1373.8	1485.9	14.246
1	2021-12-05 23:55:00	1405.8	1341.3	1464.4	14.292
1	2021-12-05 23:56:00	1406.3	1340.2	1473.3	14.239
1	2021-12-05 23:57:00	1401.2	1342.5	1476.1	14.243
1	2021-12-05 23:58:00	1391.9	1329.8	1439.6	14.327
1	2021-12-05 23:59:00	1382	1307.7	1441.7	14.329
1	2021-12-06 00:00:00	1374	1212.8	1436.7	14.274
1	2021-12-06 00:01:00	1371.3	1319.3	1439.8	14.222
1	2021-12-06 00:02:00	1371	1310.4	1429.1	14.282
1	2021-12-06 00:03:00	1365.1	1287.6	1422.5	14.268
1	2021-12-06 00:04:00	1357.2	1321.1	1417.1	14.331
1	2021-12-06 00:05:00	1347.5	1285.6	1391.6	14.35
1	2021-12-06 00:06:00	1348.9	1295.7	1418.4	14.311
1	2021-12-06 00:07:00	1343.4	1281.4	1391.7	14.31
1	2021-12-06 00:08:00	1335.3	1267	1381.3	14.289
1	2021-12-06 00:09:00	1323.4	1266	1427.5	14.328
1	2021-12-06 00:10:00	1322.5	1284.8	1380.8	14.363
1	2021-12-06 00:11:00	1314.7	1271.1	1368.3	14.332
1	2021-12-06 00:12:00	1308.3	1268	1352.3	14.277
1	2021-12-06 00:13:00	1317.3	1258.8	1392.5	14.264
1	2021-12-06 00:14:00	1312.5	1165.2	1413.7	14.228
1	2021-12-06 00:15:00	1295.6	1241.4	1353.9	14.281
1	2021-12-06 00:16:00	1286.7	1238.5	1345	14.315
1	2021-12-06 00:17:00	1280.2	1243	1331.1	14.339
1	2021-12-06 00:18:00	1277.6	1221.2	1326.6	14.306
1	2021-12-06 00:19:00	1266.2	1195.1	1359.4	14.259
1	2021-12-06 00:20:00	1257.1	1170.2	1311.3	14.378
1	2021-12-06 00:21:00	1252.6	1208.3	1302.4	14.358
1	2021-12-06 00:22:00	1245.6	1201.1	1310.5	14.287
1	2021-12-06 00:23:00	1237.8	1183.7	1308.5	14.282
1	2021-12-06 00:24:00	1230	1162.4	1292.1	14.232
1	2021-12-06 00:25:00	1223.3	1179.1	1272.9	14.254
1	2021-12-06 00:26:00	1216.1	1168.3	1261.8	14.279
1	2021-12-06 00:27:00	1204.5	1156.9	1253.4	14.305
1	2021-12-06 00:28:00	1203.3	1136.5	1267.9	14.284
1	2021-12-06 00:29:00	1193.5	1134.8	1271.3	14.357
1	2021-12-06 00:30:00	1189	1116.1	1263.3	14.356
1	2021-12-06 00:31:00	1184	1130.3	1248.3	14.355
1	2021-12-06 00:32:00	1173.1	1102	1223.7	14.304
1	2021-12-06 00:33:00	1166.1	1104.1	1253.5	14.321
1	2021-12-06 00:34:00	1158.7	1094.6	1235.1	14.305
1	2021-12-06 00:35:00	1154	1103	1191.1	14.322
1	2021-12-06 00:36:00	1150.9	1108.4	1206.7	14.246
1	2021-12-06 00:37:00	1137.6	1072.4	1189.1	14.322
1	2021-12-06 00:38:00	1130.7	1080.9	1189.6	14.283
1	2021-12-06 00:39:00	1132.3	1094.3	1170.8	14.29
1	2021-12-06 00:40:00	1119.3	1051.7	1170.2	14.286
1	2021-12-06 00:41:00	1113.5	1050.9	1198.6	14.265
1	2021-12-06 00:42:00	1107	1043.4	1168.3	14.306
1	2021-12-06 00:43:00	1099.6	1042	1156.7	14.302
1	2021-12-06 00:44:00	1088	1039.9	1145.7	14.302
1	2021-12-06 00:45:00	1087.4	1031.5	1156.8	14.309
1	2021-12-06 00:46:00	1079.2	1026.5	1119	14.268
1	2021-12-06 00:47:00	1061.6	1005.3	1123	14.271
1	2021-12-06 00:48:00	1060.7	1013.6	1134.8	14.269
1	2021-12-06 00:49:00	1059.4	1002.8	1150.1	14.282
1	2021-12-06 00:50:00	1044.9	998.22	1084.2	14.294
1	2021-12-06 00:51:00	1044	997.76	1079.2	14.258
1	2021-12-06 00:52:00	1038.7	973.11	1107	14.288
1	2021-12-06 00:53:00	1029.9	969.14	1101.8	14.305
1	2021-12-06 00:54:00	1026.9	961.18	1075.8	14.365
1	2021-12-06 00:55:00	1016	945.96	1069.7	14.403
1	2021-12-06 00:56:00	1004.4	925.17	1088.6	14.358
1	2021-12-06 00:57:00	999.89	929.15	1052.5	14.27
1	2021-12-06 00:58:00	990.64	919.15	1057.4	14.334
1	2021-12-06 00:59:00	987.42	924.83	1075.5	14.351
1	2021-12-06 01:00:00	982.95	908.36	1059	14.328
1	2021-12-06 01:01:00	969.88	884.28	1030	14.259
1	2021-12-06 01:02:00	965.32	892.45	1026.6	14.233
1	2021-12-06 01:03:00	956.68	906.43	1015.3	14.257
1	2021-12-06 01:04:00	950.26	895.86	997.42	14.321
1	2021-12-06 01:05:00	940.61	870.76	995.72	14.27
1	2021-12-06 01:06:00	935.12	877.46	1012	14.212
1	2021-12-06 01:07:00	929.21	855.31	1003.6	14.207
1	2021-12-06 01:08:00	920.13	862.35	985.27	14.251
1	2021-12-06 01:09:00	916.15	859.28	979.36	14.222
1	2021-12-06 01:10:00	909.77	861.33	963.8	14.248
1	2021-12-06 01:11:00	896.21	845.99	983.34	14.228
1	2021-12-06 01:12:00	892.57	829.97	952.78	14.302
1	2021-12-06 01:13:00	888.56	849.74	946.07	14.252
1	2021-12-06 01:14:00	875.81	830.54	942.21	14.222
1	2021-12-06 01:15:00	874.42	811.8	937.55	14.236
1	2021-12-06 01:16:00	864.87	812.25	927.1	14.269
1	2021-12-06 01:17:00	861.19	815.21	913.36	14.306
1	2021-12-06 01:18:00	854.85	781.69	900.18	14.31
1	2021-12-06 01:19:00	849.33	796.69	899.84	14.249
1	2021-12-06 01:20:00	837.55	796.92	885.07	14.301
1	2021-12-06 01:21:00	831.18	784.42	879.5	14.297
1	2021-12-06 01:22:00	823.3	755.68	884.73	14.362
1	2021-12-06 01:23:00	815.25	757.04	858.37	14.347
1	2021-12-06 01:24:00	808.04	741.59	856.67	14.348
1	2021-12-06 01:25:00	804.45	743.75	880.53	14.261
1	2021-12-06 01:26:00	796.91	738.87	867.01	14.249
1	2021-12-06 01:27:00	780.72	724.78	830.09	14.289
1	2021-12-06 01:28:00	772.72	736.25	842.92	14.248
1	2021-12-06 01:29:00	762.34	720.12	812.93	14.277
1	2021-12-06 01:30:00	762.96	698.08	824.98	14.249
1	2021-12-06 01:31:00	752.14	714.9	799.07	14.324
1	2021-12-06 01:32:00	744.64	706.83	810.32	14.283
1	2021-12-06 01:33:00	737.62	691.95	788.62	14.342
1	2021-12-06 01:34:00	726.49	679.57	776.47	14.293
1	2021-12-06 01:35:00	717.14	668.43	762.84	14.369
1	2021-12-06 01:36:00	710.02	655.48	793.85	14.279
1	2021-12-06 01:37:00	701.93	642.99	764.2	14.249
1	2021-12-06 01:38:00	693.62	639.35	748.29	14.259
1	2021-12-06 01:39:00	688.69	626.17	729.44	14.275
1	2021-12-06 01:40:00	676.73	618.33	720.8	14.284
1	2021-12-06 01:41:00	666.01	618.33	707.06	14.311
1	2021-12-06 01:42:00	661.4	618.22	721.94	14.269
1	2021-12-06 01:43:00	652.78	597.66	695.47	14.266
1	2021-12-06 01:44:00	645.07	585.96	732.84	14.22
1	2021-12-06 01:45:00	641.33	608.68	699.45	14.287
1	2021-12-06 01:46:00	629.06	602.09	662.87	14.251
1	2021-12-06 01:47:00	623.55	580.73	678.54	14.269
1	2021-12-06 01:48:00	614.12	564.71	665.82	14.352
1	2021-12-06 01:49:00	604.79	559.83	659.57	14.287
1	2021-12-06 01:50:00	600.29	555.97	646.51	14.276
1	2021-12-06 01:51:00	588.78	558.13	626.17	14.32
1	2021-12-06 01:52:00	583.87	526.66	617.65	14.332
1	2021-12-06 01:53:00	570.41	527	620.49	14.299
1	2021-12-06 01:54:00	565.89	504.16	660.37	14.333
1	2021-12-06 01:55:00	554.68	523.14	592.09	14.265
1	2021-12-06 01:56:00	546.34	512.68	594.14	14.238
1	2021-12-06 01:57:00	540.46	507.12	577.66	14.287
1	2021-12-06 01:58:00	528.7	485.76	585.16	14.316
1	2021-12-06 01:59:00	520.11	476.45	569.03	14.316
1	2021-12-06 02:00:00	512.78	462.25	575.51	14.318
1	2021-12-06 02:01:00	502.1	443.16	558.81	14.217
1	2021-12-06 02:02:00	499.09	452.82	541.31	14.204
1	2021-12-06 02:03:00	491.9	462.36	549.83	14.279
1	2021-12-06 02:04:00	485.37	448.61	533.59	14.298
1	2021-12-06 02:05:00	473.55	412.26	518.25	14.303
1	2021-12-06 02:06:00	467.88	426.01	497.69	14.309
1	2021-12-06 02:07:00	459.13	360.69	523.14	14.331
1	2021-12-06 02:08:00	449.49	362.5	504.85	14.314
1	2021-12-06 02:09:00	442	374.54	491.1	14.285
1	2021-12-06 02:10:00	428.55	350.35	483.83	14.37
1	2021-12-06 02:11:00	414.85	302.41	493.49	14.353
1	2021-12-06 02:12:00	406.9	300.25	451.34	14.374
1	2021-12-06 02:13:00	397.45	321.95	472.36	14.301
1	2021-12-06 02:14:00	392.05	319.9	433.73	14.333
1	2021-12-06 02:15:00	375.1	278.89	444.3	14.274
1	2021-12-06 02:16:00	365.59	295.02	416.12	14.26
1	2021-12-06 02:17:00	356.8	256.85	408.4	14.317
1	2021-12-06 02:18:00	338.76	258.9	398.4	14.293
1	2021-12-06 02:19:00	326.37	240.72	385	14.288
1	2021-12-06 02:20:00	319.19	193.8	404.08	14.263
1	2021-12-06 02:21:00	299.82	182.57	385.11	14.299
1	2021-12-06 02:22:00	290.43	158.88	364.55	14.288
1	2021-12-06 02:23:00	275.01	143.5	359.84	14.296
1	2021-12-06 02:24:00	255.53	175	324.75	14.249
1	2021-12-06 02:25:00	243.05	178.96	308.17	14.286
1	2021-12-06 02:26:00	239.58	134.31	337.02	14.315
1	2021-12-06 02:27:00	222.38	133.74	303.95	14.259
1	2021-12-06 02:28:00	210.78	122.24	317.78	14.302
1	2021-12-06 02:29:00	196.4	130.6	277.94	14.296
1	2021-12-06 02:30:00	184.05	121.99	266.12	14.289
1	2021-12-06 02:31:00	168.45	115.24	282.16	14.235
1	2021-12-06 02:32:00	159.15	111.19	250.76	14.306
1	2021-12-06 02:33:00	153.37	106.01	256.92	14.297
1	2021-12-06 02:34:00	134.26	107.08	224.98	14.281
1	2021-12-06 02:35:00	132.81	106	212.48	14.29
1	2021-12-06 02:36:00	119.62	103.14	175.62	14.317
1	2021-12-06 02:37:00	114.86	97.754	175.86	14.274
1	2021-12-06 02:38:00	112.55	97.209	179.13	14.355
1	2021-12-06 02:39:00	104.66	96.039	170.86	14.321
1	2021-12-06 02:40:00	104.07	93.063	138.26	14.29
1	2021-12-06 02:41:00	98.596	92.858	131.74	14.316
1	2021-12-06 02:42:00	95.823	90.404	123.16	14.322
1	2021-12-06 02:43:00	93.591	87.257	116.17	14.405
1	2021-12-06 02:44:00	90.634	86.019	102.29	14.4
1	2021-12-06 02:45:00	88.829	83.77	106.67	14.369
1	2021-12-06 02:46:00	86.971	82.077	116.54	14.403
1	2021-12-06 02:47:00	85.071	79.43	119.69	14.3
1	2021-12-06 02:48:00	81.61	77.738	88.7	14.332
1	2021-12-06 02:49:00	78.935	75.636	86.883	13.878
1	2021-12-06 02:50:00	75.982	72.569	79.464	13.867
1	2021-12-06 02:51:00	73.42	70.603	78.101	13.838
1	2021-12-06 02:52:00	71.641	68.649	78.805	13.858
1	2021-12-06 02:53:00	68.936	66.582	72.421	13.825
1	2021-12-06 02:54:00	66.116	62.765	71.137	13.853
1	2021-12-06 02:55:00	63.492	60.652	66.139	13.796
1	2021-12-06 02:56:00	61.433	58.278	64.185	13.845
1	2021-12-06 02:57:00	59.113	57.119	62.311	13.834
1	2021-12-06 02:58:00	56.135	53.893	57.71	13.789
1	2021-12-06 02:59:00	53.386	50.61	55.483	13.826
1	2021-12-06 03:00:00	50.668	48.746	52.45	13.809
1	2021-12-06 03:01:00	48.193	45.418	52.348	13.783
1	2021-12-06 03:02:00	45.504	43.43	47.713	13.83
1	2021-12-06 03:03:00	42.96	40.817	45.452	13.813
1	2021-12-06 03:04:00	40.455	38.045	42.851	14.243
1	2021-12-06 03:05:00	37.827	36.023	39.761	14.316
1	2021-12-06 03:06:00	35.217	33.024	37.386	14.306
1	2021-12-06 03:07:00	32.653	30.831	35.228	14.31
1	2021-12-06 03:08:00	30.288	28.457	32.967	14.31
1	2021-12-06 03:09:00	28.045	26.151	29.718	14.316
1	2021-12-06 03:10:00	25.884	24.549	27.389	14.314
1	2021-12-06 03:11:00	23.707	22.152	25.333	14.301
1	2021-12-06 03:12:00	21.647	20.207	23.247	14.284
1	2021-12-06 03:13:00	19.695	18.384	21.04	14.262
1	2021-12-06 03:14:00	17.695	16.523	19.037	14.315
1	2021-12-06 03:15:00	15.863	14.772	16.777	14.335
1	2021-12-06 03:16:00	14.161	13.354	14.984	14.284
1	2021-12-06 03:17:00	12.625	11.933	14.017	14.278
1	2021-12-06 03:18:00	11.159	10.415	12.07	14.292
1	2021-12-06 03:19:00	9.8414	9.0586	10.625	14.392
1	2021-12-06 03:20:00	8.6448	8.0578	9.3267	14.407
1	2021-12-06 03:21:00	7.556	6.9865	8.2463	14.351
1	2021-12-06 03:22:00	6.5599	6.0527	7.1081	14.316
1	2021-12-06 03:23:00	5.6259	5.145	6.0595	14.341
1	2021-12-06 03:24:00	4.7308	4.2532	5.2234	14.323
1	2021-12-06 03:25:00	3.7987	3.2922	4.41	14.351
1	2021-12-06 03:26:00	3.0461	2.7083	3.4876	14.336
1	2021-12-06 03:27:00	2.4812	2.2073	2.7639	14.315
1	2021-12-06 03:28:00	2.0514	1.8551	2.2345	14.327
1	2021-12-06 03:29:00	1.715	1.4711	1.8926	14.291
1	2021-12-06 03:30:00	1.4041	1.2212	1.6325	14.3
1	2021-12-06 03:31:00	1.1342	0.99174	1.2769	14.309
1	2021-12-06 03:32:00	0.88943	0.77022	1.0656	14.319
1	2021-12-06 03:33:00	0.69236	0.56119	0.80998	14.28
1	2021-12-06 03:34:00	0.52429	0.44921	0.66003	14.302
1	2021-12-06 03:35:00	0.39505	0.32149	0.45781	14.291
1	2021-12-06 03:36:00	0.29415	0.24652	0.35444	14.332
1	2021-12-06 03:37:00	0.21959	0.18403	0.26128	14.336
1	2021-12-06 03:38:00	0.16065	0.13291	0.19085	14.316
1	2021-12-06 03:39:00	0.11981	0.099969	0.15223	14.278
1	2021-12-06 03:40:00	0.087985	0.072705	0.10224	14.311
1	2021-12-06 03:41:00	0.064583	0.054529	0.077249	14.334
1	2021-12-06 03:42:00	0.04741	0.038625	0.056862	14.322
1	2021-12-06 03:43:00	0.034592	0.027264	0.040897	14.298
1	2021-12-06 03:44:00	0.024822	0.020448	0.031808	14.352
1	2021-12-06 03:45:00	0.017722	0.013632	0.021584	14.297
1	2021-12-06 03:46:00	0.011834	0.0068161	0.014768	14.355
1	2021-12-06 03:47:00	0.0074598	0.0056801	0.010224	14.358
1	2021-12-06 03:48:00	0.0039571	0.001136	0.0068161	14.337
1	2021-12-06 03:49:00	0.0013254	-0.001136	0.0045441	14.321
1	2021-12-06 03:50:00	-0.00092775	-0.002272	0.002272	14.342
1	2021-12-06 03:51:00	-0.0027643	-0.0045441	-0.001136	14.274
1	2021-12-06 03:52:00	-0.0041086	-0.0079521	-0.002272	14.322
1	2021-12-06 03:53:00	-0.0051878	-0.0068161	-0.0034081	14.395
1	2021-12-06 03:54:00	-0.006002	-0.0079521	-0.0045441	14.351
1	2021-12-06 03:55:00	-0.0067404	-0.0079521	-0.0056801	14.35
1	2021-12-06 03:56:00	-0.0070622	-0.0090881	-0.0056801	14.337
1	2021-12-06 03:57:00	-0.0072516	-0.0090881	-0.0034081	14.397
1	2021-12-06 03:58:00	-0.0077628	-0.01136	-0.001136	14.369
1	2021-12-06 03:59:00	-0.0083119	-0.010224	-0.0056801	14.332
1	2021-12-06 04:00:00	-0.0085769	-0.010224	-0.0079521	14.28
1	2021-12-06 04:01:00	-0.0087095	-0.012496	-0.0045441	14.328
1	2021-12-06 04:02:00	-0.0092017	-0.01704	-0.0079521	14.297
1	2021-12-06 04:03:00	-0.0089177	-0.01136	-0.0079521	14.322
1	2021-12-06 04:04:00	-0.0092017	-0.012496	-0.0079521	14.297
1	2021-12-06 04:05:00	-0.0092775	-0.010224	-0.0079521	14.32
1	2021-12-06 04:06:00	-0.0094668	-0.01136	-0.0068161	14.311
1	2021-12-06 04:07:00	-0.0093153	-0.01136	-0.0068161	14.301
1	2021-12-06 04:08:00	-0.0093721	-0.010224	-0.0079521	14.264
1	2021-12-06 04:09:00	-0.0094668	-0.01136	-0.0079521	14.306
1	2021-12-06 04:10:00	-0.0094857	-0.01136	-0.0068161	14.261
1	2021-12-06 04:11:00	-0.0093721	-0.01136	-0.0068161	14.277
1	2021-12-06 04:12:00	-0.0098833	-0.013632	-0.0079521	14.295
1	2021-12-06 04:13:00	-0.0098644	-0.01136	-0.0079521	14.285
1	2021-12-06 04:14:00	-0.0097697	-0.012496	-0.0068161	14.316
1	2021-12-06 04:15:00	-0.0098391	-0.01136	-0.0079521	13.839
1	2021-12-06 04:16:00	-0.0097129	-0.01136	-0.0079521	13.826
1	2021-12-06 04:17:00	-0.0096372	-0.01136	-0.0045441	13.852
1	2021-12-06 04:18:00	-0.0097887	-0.013632	-0.0090881	13.816
1	2021-12-06 04:19:00	-0.0097508	-0.01136	-0.0079521	13.854
1	2021-12-06 04:20:00	-0.0097508	-0.01136	-0.0079521	13.794
1	2021-12-06 04:21:00	-0.0097319	-0.01136	-0.0079521	13.819
1	2021-12-06 04:22:00	-0.0097887	-0.01136	-0.0079521	13.854
1	2021-12-06 04:23:00	-0.009694	-0.01136	-0.0079521	13.85
1	2021-12-06 04:24:00	-0.009694	-0.010224	-0.0090881	13.847
1	2021-12-06 04:25:00	-0.0098455	-0.013632	-0.0090881	13.854
1	2021-12-06 04:26:00	-0.0098076	-0.01136	-0.0090881	13.852
1	2021-12-06 04:27:00	-0.0098455	-0.01136	-0.0079521	13.927
1	2021-12-06 04:28:00	-0.0098076	-0.013632	-0.0079521	13.872
1	2021-12-06 04:29:00	-0.010035	-0.01136	-0.0079521	13.904
1	2021-12-06 04:30:00	-0.0099546	-0.012496	-0.0079521	14.353
1	2021-12-06 04:31:00	-0.0099402	-0.012496	-0.0079521	14.382
1	2021-12-06 04:32:00	-0.0098833	-0.012496	-0.0079521	14.391
1	2021-12-06 04:33:00	-0.0099591	-0.012496	-0.0068161	14.343
1	2021-12-06 04:34:00	-0.009997	-0.013632	-0.0079521	14.335
1	2021-12-06 04:35:00	-0.009997	-0.013632	-0.0079521	14.271
1	2021-12-06 04:36:00	-0.0097319	-0.01136	-0.0056801	14.305
1	2021-12-06 04:37:00	-0.0098265	-0.013632	-0.0079521	14.312
1	2021-12-06 04:38:00	-0.0099212	-0.01136	-0.0056801	14.265
1	2021-12-06 04:39:00	-0.0095236	-0.018176	-0.0068161	14.271
1	2021-12-06 04:40:00	-0.0095425	-0.01136	-0.0068161	14.299
1	2021-12-06 04:41:00	-0.0095615	-0.012496	-0.0068161	14.278
1	2021-12-06 04:42:00	-0.0097319	-0.012496	-0.0068161	14.277
1	2021-12-06 04:43:00	-0.009694	-0.01136	-0.0056801	14.295
1	2021-12-06 04:44:00	-0.0098265	-0.014768	-0.0079521	14.258
1	2021-12-06 04:45:00	-0.0095993	-0.012496	-0.0068161	14.286
1	2021-12-06 04:46:00	-0.0098833	-0.012496	-0.0079521	14.322
1	2021-12-06 04:47:00	-0.0099212	-0.01136	-0.0090881	14.322
1	2021-12-06 04:48:00	-0.0097697	-0.012496	-0.0068161	14.285
1	2021-12-06 04:49:00	-0.0098265	-0.01136	-0.0079521	14.322
1	2021-12-06 04:50:00	-0.010016	-0.015904	-0.0045441	14.315
1	2021-12-06 04:51:00	-0.0099402	-0.01136	-0.0079521	14.304
1	2021-12-06 04:52:00	-0.010148	-0.012496	-0.0079521	14.308
1	2021-12-06 04:53:00	-0.0098455	-0.012496	-0.0068161	14.318
1	2021-12-06 04:54:00	-0.0098076	-0.01136	-0.0090881	14.367
1	2021-12-06 04:55:00	-0.010035	-0.01136	-0.0090881	14.346
1	2021-12-06 04:56:00	-0.010073	-0.012496	-0.0090881	14.346
1	2021-12-06 04:57:00	-0.010016	-0.012496	-0.0079521	14.353
1	2021-12-06 04:58:00	-0.010073	-0.01136	-0.0090881	14.327
1	2021-12-06 04:59:00	-0.010148	-0.01136	-0.0090881	14.302
1	2021-12-06 05:00:00	-0.010111	-0.01136	-0.0090881	14.363
1	2021-12-06 05:01:00	-0.010129	-0.01136	-0.0090881	14.277
1	2021-12-06 05:02:00	-0.010148	-0.01136	-0.0090881	14.341
1	2021-12-06 05:03:00	-0.010129	-0.01136	-0.0090881	14.344
1	2021-12-06 05:04:00	-0.010167	-0.012496	-0.0090881	14.325
1	2021-12-06 05:05:00	-0.010167	-0.01136	-0.0079521	14.363
1	2021-12-06 05:06:00	-0.010148	-0.01136	-0.0068161	14.348
1	2021-12-06 05:07:00	-0.010129	-0.01136	-0.0090881	14.4
1	2021-12-06 05:08:00	-0.010167	-0.012496	-0.0090881	14.337
1	2021-12-06 05:09:00	-0.010262	-0.012496	-0.0090881	14.312
1	2021-12-06 05:10:00	-0.010376	-0.01136	-0.010224	14.331
1	2021-12-06 05:11:00	-0.010262	-0.01136	-0.0068161	14.337
1	2021-12-06 05:12:00	-0.010167	-0.01136	-0.0090881	14.362
1	2021-12-06 05:13:00	-0.010319	-0.012496	-0.0090881	14.271
1	2021-12-06 05:14:00	-0.010167	-0.013632	-0.0079521	14.276
1	2021-12-06 05:15:00	-0.010129	-0.013632	-0.0068161	14.301
1	2021-12-06 05:16:00	-0.010395	-0.013632	-0.0068161	14.332
1	2021-12-06 05:17:00	-0.010281	-0.01136	-0.0090881	14.306
1	2021-12-06 05:18:00	-0.0103	-0.01136	-0.0090881	14.314
1	2021-12-06 05:19:00	-0.010186	-0.013632	-0.0079521	14.31
1	2021-12-06 05:20:00	-0.010432	-0.013632	-0.0056801	14.287
1	2021-12-06 05:21:00	-0.010527	-0.012496	-0.0090881	14.263
1	2021-12-06 05:22:00	-0.010527	-0.014768	-0.0090881	14.314
1	2021-12-06 05:23:00	-0.010319	-0.01136	-0.0079521	14.307
1	2021-12-06 05:24:00	-0.010413	-0.012496	-0.0068161	14.3
1	2021-12-06 05:25:00	-0.010376	-0.012496	-0.0068161	14.304
1	2021-12-06 05:26:00	-0.010357	-0.012496	-0.0090881	14.228
1	2021-12-06 05:27:00	-0.010357	-0.013632	-0.0079521	14.288
1	2021-12-06 05:28:00	-0.010395	-0.013632	-0.0090881	14.29
1	2021-12-06 05:29:00	-0.010584	-0.012496	-0.0090881	14.314
1	2021-12-06 05:30:00	-0.010584	-0.012496	-0.0090881	14.327
1	2021-12-06 05:31:00	-0.010565	-0.012496	-0.0090881	14.291
1	2021-12-06 05:32:00	-0.010508	-0.012496	-0.0090881	14.273
1	2021-12-06 05:33:00	-0.010546	-0.012496	-0.0079521	14.249
1	2021-12-06 05:34:00	-0.010489	-0.014768	-0.0090881	14.301
1	2021-12-06 05:35:00	-0.010319	-0.01136	-0.0090881	14.315
1	2021-12-06 05:36:00	-0.010508	-0.012496	-0.0079521	14.37
1	2021-12-06 05:37:00	-0.010546	-0.012496	-0.0079521	14.316
1	2021-12-06 05:38:00	-0.010205	-0.012496	-0.0079521	14.362
1	2021-12-06 05:39:00	-0.010243	-0.012496	-0.0079521	14.351
1	2021-12-06 05:40:00	-0.010451	-0.01136	-0.0090881	14.317
1	2021-12-06 05:41:00	-0.010376	-0.015904	-0.0090881	14.323
1	2021-12-06 05:42:00	-0.010111	-0.012496	-0.0068161	14.328
1	2021-12-06 05:43:00	-0.010129	-0.01136	-0.0090881	14.275
1	2021-12-06 05:44:00	-0.0103	-0.012496	-0.0068161	14.256
1	2021-12-06 05:45:00	-0.010281	-0.012496	-0.0079521	14.239
1	2021-12-06 05:46:00	-0.010205	-0.013632	-0.0090881	14.234
1	2021-12-06 05:47:00	-0.0103	-0.018176	-0.0090881	14.286
1	2021-12-06 05:48:00	-0.010281	-0.012496	-0.0090881	14.288
1	2021-12-06 05:49:00	-0.010073	-0.01136	-0.0079521	14.306
1	2021-12-06 05:50:00	-0.010224	-0.015904	-0.0079521	14.282
1	2021-12-06 05:51:00	-0.010092	-0.012496	-0.0079521	14.299
1	2021-12-06 05:52:00	-0.010376	-0.012496	-0.0090881	14.238
1	2021-12-06 05:53:00	-0.010565	-0.013632	-0.0090881	14.269
1	2021-12-06 05:54:00	-0.01047	-0.01136	-0.0090881	14.259
1	2021-12-06 05:55:00	-0.010167	-0.012496	-0.0056801	14.301
1	2021-12-06 05:56:00	-0.010262	-0.01136	-0.0090881	14.271
1	2021-12-06 05:57:00	-0.010357	-0.012496	-0.0056801	14.241
1	2021-12-06 05:58:00	-0.010186	-0.012496	-0.0090881	14.276
1	2021-12-06 05:59:00	-0.010243	-0.012496	-0.0079521	14.264
1	2021-12-06 06:00:00	-0.010451	-0.014768	-0.0090881	14.288
1	2021-12-06 06:01:00	-0.010395	-0.01136	-0.0090881	14.313
1	2021-12-06 06:02:00	-0.010357	-0.015904	-0.0090881	14.269
1	2021-12-06 06:03:00	-0.010338	-0.01136	-0.0090881	14.317
1	2021-12-06 06:04:00	-0.010413	-0.012496	-0.0079521	14.293
1	2021-12-06 06:05:00	-0.010527	-0.012496	-0.0090881	14.297
1	2021-12-06 06:06:00	-0.010205	-0.01136	-0.0079521	14.269
1	2021-12-06 06:07:00	-0.010243	-0.01136	-0.0079521	14.29
1	2021-12-06 06:08:00	-0.010641	-0.015904	-0.0090881	14.276
1	2021-12-06 06:09:00	-0.010565	-0.014768	-0.0068161	14.233
1	2021-12-06 06:10:00	-0.010432	-0.01136	-0.0090881	14.269
1	2021-12-06 06:11:00	-0.010432	-0.012496	-0.0079521	14.325
1	2021-12-06 06:12:00	-0.010565	-0.013632	-0.0090881	14.353
1	2021-12-06 06:13:00	-0.01047	-0.012496	-0.0090881	14.3
1	2021-12-06 06:14:00	-0.01047	-0.013632	-0.0079521	14.339
1	2021-12-06 06:15:00	-0.010205	-0.012496	-0.0079521	14.358
1	2021-12-06 06:16:00	-0.010395	-0.01136	-0.0090881	14.309
1	2021-12-06 06:17:00	-0.010432	-0.012496	-0.0090881	14.282
1	2021-12-06 06:18:00	-0.0103	-0.01136	-0.0090881	14.244
1	2021-12-06 06:19:00	-0.010243	-0.01136	-0.0090881	14.305
1	2021-12-06 06:20:00	-0.0103	-0.01136	-0.0090881	14.275
1	2021-12-06 06:21:00	-0.010148	-0.012496	-0.0056801	14.249
1	2021-12-06 06:22:00	-0.01047	-0.012496	-0.0090881	14.301
1	2021-12-06 06:23:00	-0.010546	-0.015904	-0.0090881	14.305
1	2021-12-06 06:24:00	-0.010092	-0.01136	-0.0079521	14.295
1	2021-12-06 06:25:00	-0.010451	-0.013632	-0.0079521	14.327
1	2021-12-06 06:26:00	-0.010262	-0.01136	-0.0079521	14.266
1	2021-12-06 06:27:00	-0.010224	-0.01136	-0.0090881	14.28
1	2021-12-06 06:28:00	-0.010319	-0.012496	-0.0090881	14.301
1	2021-12-06 06:29:00	-0.010167	-0.01136	-0.0056801	14.293
1	2021-12-06 06:30:00	-0.010376	-0.013632	-0.0090881	14.274
1	2021-12-06 06:31:00	-0.010129	-0.013632	-0.0068161	14.313
1	2021-12-06 06:32:00	-0.010129	-0.01136	-0.0079521	14.335
1	2021-12-06 06:33:00	-0.010186	-0.01136	-0.0090881	14.311
1	2021-12-06 06:34:00	-0.010262	-0.013632	-0.0079521	14.311
1	2021-12-06 06:35:00	-0.010186	-0.012496	-0.0079521	14.301
1	2021-12-06 06:36:00	-0.010357	-0.013632	-0.0079521	14.26
1	2021-12-06 06:37:00	-0.010148	-0.01136	-0.0079521	14.331
1	2021-12-06 06:38:00	-0.010205	-0.013632	-0.0079521	14.318
1	2021-12-06 06:39:00	-0.010035	-0.01136	-0.0090881	14.279
1	2021-12-06 06:40:00	-0.010376	-0.01136	-0.0090881	14.278
1	2021-12-06 06:41:00	-0.010357	-0.01136	-0.0090881	14.309
1	2021-12-06 06:42:00	-0.010281	-0.012496	-0.0090881	14.254
1	2021-12-06 06:43:00	-0.010262	-0.012496	-0.0079521	14.305
1	2021-12-06 06:44:00	-0.010395	-0.013632	-0.0090881	14.328
1	2021-12-06 06:45:00	-0.010527	-0.01136	-0.010224	14.333
1	2021-12-06 06:46:00	-0.010376	-0.014768	-0.0056801	14.348
1	2021-12-06 06:47:00	-0.010451	-0.01136	-0.0090881	14.308
1	2021-12-06 06:48:00	-0.010413	-0.01136	-0.0090881	14.313
1	2021-12-06 06:49:00	-0.010603	-0.014768	-0.0079521	14.338
1	2021-12-06 06:50:00	-0.01047	-0.013632	-0.0079521	14.363
1	2021-12-06 06:51:00	-0.0103	-0.013632	-0.0090881	14.232
1	2021-12-06 06:52:00	-0.010281	-0.013632	-0.0079521	14.239
1	2021-12-06 06:53:00	-0.010413	-0.012496	-0.0090881	14.297
1	2021-12-06 06:54:00	-0.01047	-0.012496	-0.0090881	14.296
1	2021-12-06 06:55:00	-0.010129	-0.01136	-0.0068161	14.279
1	2021-12-06 06:56:00	-0.010319	-0.01136	-0.0079521	14.296
1	2021-12-06 06:57:00	-0.010338	-0.01136	-0.0090881	14.265
1	2021-12-06 06:58:00	-0.010432	-0.01136	-0.010224	14.218
1	2021-12-06 06:59:00	-0.010584	-0.012496	-0.010224	14.3
1	2021-12-06 07:00:00	-0.010584	-0.012496	-0.010224	14.29
1	2021-12-06 07:01:00	-0.010925	-0.01136	-0.010224	14.29
1	2021-12-06 07:02:00	-0.010735	-0.01136	-0.010224	14.267
1	2021-12-06 07:03:00	-0.010981	-0.01136	-0.010224	14.248
1	2021-12-06 07:04:00	-0.010792	-0.012496	-0.010224	14.289
1	2021-12-06 07:05:00	-0.010944	-0.012496	-0.010224	14.281
1	2021-12-06 07:06:00	-0.010773	-0.012496	-0.010224	14.327
1	2021-12-06 07:07:00	-0.010584	-0.01136	-0.010224	14.323
1	2021-12-06 07:08:00	-0.010546	-0.01136	-0.010224	14.259
1	2021-12-06 07:09:00	-0.010584	-0.01136	-0.010224	14.275
1	2021-12-06 07:10:00	-0.010679	-0.01136	-0.0090881	14.297
1	2021-12-06 07:11:00	-0.010735	-0.014768	-0.010224	14.279
1	2021-12-06 07:12:00	-0.010584	-0.01136	-0.0090881	14.212
1	2021-12-06 07:13:00	-0.010811	-0.02272	-0.0090881	14.262
1	2021-12-06 07:14:00	-0.010754	-0.012496	-0.0090881	14.268
1	2021-12-06 07:15:00	-0.010508	-0.01136	-0.0056801	14.261
1	2021-12-06 07:16:00	-0.010243	-0.01136	-0.0079521	14.254
1	2021-12-06 07:17:00	-0.010319	-0.012496	-0.0079521	14.226
1	2021-12-06 07:18:00	-0.010243	-0.01136	-0.0079521	14.296
1	2021-12-06 07:19:00	-0.010376	-0.012496	-0.0045441	14.288
1	2021-12-06 07:20:00	-0.010262	-0.013632	-0.0090881	14.29
1	2021-12-06 07:21:00	-0.010395	-0.014768	-0.0090881	14.293
1	2021-12-06 07:22:00	-0.010338	-0.012496	-0.0090881	14.25
1	2021-12-06 07:23:00	-0.010205	-0.01136	-0.0090881	14.318
1	2021-12-06 07:24:00	-0.010338	-0.012496	-0.0079521	14.306
1	2021-12-06 07:25:00	-0.010395	-0.012496	-0.0090881	14.289
1	2021-12-06 07:26:00	-0.010489	-0.013632	-0.0090881	14.228
1	2021-12-06 07:27:00	-0.010451	-0.012496	-0.0090881	14.268
1	2021-12-06 07:28:00	-0.010073	-0.01136	-0.0068161	14.262
1	2021-12-06 07:29:00	-0.010243	-0.01136	-0.0090881	14.239
1	2021-12-06 07:30:00	-0.010243	-0.01136	-0.0079521	14.225
1	2021-12-06 07:31:00	-0.010262	-0.013632	-0.0090881	14.218
1	2021-12-06 07:32:00	-0.0099023	-0.012496	0	14.249
1	2021-12-06 07:33:00	-0.010281	-0.012496	-0.0079521	14.202
1	2021-12-06 07:34:00	-0.0103	-0.012496	-0.0090881	14.248
1	2021-12-06 07:35:00	-0.009978	-0.01136	-0.0056801	14.234
1	2021-12-06 07:36:00	-0.010092	-0.01136	-0.0079521	14.202
1	2021-12-06 07:37:00	-0.010092	-0.012496	-0.0090881	14.212
1	2021-12-06 07:38:00	-0.010338	-0.014768	-0.0079521	14.205
1	2021-12-06 07:39:00	-0.010186	-0.01136	-0.0079521	14.222
1	2021-12-06 07:40:00	-0.010129	-0.012496	-0.0068161	14.259
1	2021-12-06 07:41:00	-0.0098455	-0.01136	-0.0056801	14.192
1	2021-12-06 07:42:00	-0.0103	-0.013632	-0.0090881	14.219
1	2021-12-06 07:43:00	-0.010092	-0.012496	-0.0079521	14.247
1	2021-12-06 07:44:00	-0.010224	-0.01136	-0.0056801	14.221
1	2021-12-06 07:45:00	-0.01047	-0.013632	-0.0090881	14.199
1	2021-12-06 07:46:00	-0.010129	-0.013632	-0.0079521	14.225
1	2021-12-06 07:47:00	-0.010584	-0.014768	-0.0079521	14.165
1	2021-12-06 07:48:00	-0.010069	-0.01136	-0.0068161	14.241
1	2021-12-06 07:49:00	-0.010016	-0.012496	-0.0056801	14.223
1	2021-12-06 07:50:00	-0.009997	-0.01136	-0.0068161	14.242
1	2021-12-06 07:51:00	-0.009997	-0.01136	-0.0079521	14.204
1	2021-12-06 07:52:00	-0.010243	-0.013632	-0.0090881	14.227
1	2021-12-06 07:53:00	-0.010243	-0.014768	-0.0079521	14.228
1	2021-12-06 07:54:00	-0.010281	-0.012496	-0.0090881	14.281
1	2021-12-06 07:55:00	-0.010069	-0.012496	-0.0079521	14.221
1	2021-12-06 07:56:00	-0.010224	-0.018176	-0.0045441	14.234
1	2021-12-06 07:57:00	-0.010016	-0.013632	-0.0034081	14.258
1	2021-12-06 07:58:00	-0.009997	-0.01136	-0.0045441	14.259
1	2021-12-06 07:59:00	-0.010092	-0.012496	-0.0079521	14.248
1	2021-12-06 08:00:00	-0.010092	-0.01136	-0.0090881	14.265
1	2021-12-06 08:01:00	-0.0103	-0.012496	-0.0079521	14.219
1	2021-12-06 08:02:00	-0.010243	-0.013632	-0.0090881	14.222
1	2021-12-06 08:03:00	-0.010262	-0.013632	-0.0090881	14.207
1	2021-12-06 08:04:00	-0.0099212	-0.01136	-0.0034081	14.221
1	2021-12-06 08:05:00	-0.010148	-0.01136	-0.0090881	14.194
1	2021-12-06 08:06:00	-0.010224	-0.01136	-0.0079521	14.202
1	2021-12-06 08:07:00	-0.010186	-0.01136	-0.0079521	14.203
1	2021-12-06 08:08:00	-0.010224	-0.015904	-0.0079521	14.202
1	2021-12-06 08:09:00	-0.0103	-0.012496	-0.0090881	14.196
1	2021-12-06 08:10:00	-0.010167	-0.012496	-0.0090881	14.282
1	2021-12-06 08:11:00	-0.010205	-0.01136	-0.0079521	14.269
1	2021-12-06 08:12:00	-0.010338	-0.012496	-0.0090881	14.25
1	2021-12-06 08:13:00	-0.009997	-0.012496	-0.0079521	14.243
1	2021-12-06 08:14:00	-0.0103	-0.013632	-0.0090881	14.186
1	2021-12-06 08:15:00	-0.010451	-0.01136	-0.010224	14.199
1	2021-12-06 08:16:00	-0.010186	-0.012496	-0.0056801	14.233
1	2021-12-06 08:17:00	-0.010224	-0.012496	-0.0079521	14.212
1	2021-12-06 08:18:00	-0.009978	-0.01136	-0.0079521	14.172
1	2021-12-06 08:19:00	-0.010054	-0.01136	-0.0068161	14.207
1	2021-12-06 08:20:00	-0.010167	-0.01136	-0.0090881	14.139
1	2021-12-06 08:21:00	-0.010243	-0.01136	-0.0090881	14.208
1	2021-12-06 08:22:00	-0.010035	-0.01136	-0.0090881	14.229
1	2021-12-06 08:23:00	-0.010262	-0.01136	-0.0090881	14.191
1	2021-12-06 08:24:00	-0.010205	-0.01136	-0.0090881	14.188
1	2021-12-06 08:25:00	-0.010167	-0.01136	-0.0079521	14.132
1	2021-12-06 08:26:00	-0.010281	-0.012496	-0.0056801	14.241
1	2021-12-06 08:27:00	-0.010357	-0.012496	-0.0090881	14.235
1	2021-12-06 08:28:00	-0.010186	-0.014768	-0.0079521	14.306
1	2021-12-06 08:29:00	-0.010319	-0.013632	-0.0090881	14.235
1	2021-12-06 08:30:00	-0.010489	-0.014768	-0.0090881	14.229
1	2021-12-06 08:31:00	-0.010338	-0.01136	-0.0068161	14.244
1	2021-12-06 08:32:00	-0.010205	-0.012496	-0.002272	14.207
1	2021-12-06 08:33:00	-0.010376	-0.012496	-0.0079521	14.257
1	2021-12-06 08:34:00	-0.010395	-0.012496	-0.0068161	14.23
1	2021-12-06 08:35:00	-0.010527	-0.013632	-0.0034081	14.205
1	2021-12-06 08:36:00	-0.0103	-0.01136	-0.0079521	14.21
1	2021-12-06 08:37:00	-0.0103	-0.01704	-0.0090881	14.201
1	2021-12-06 08:38:00	-0.0098834	-0.01136	-0.0079521	14.19
1	2021-12-06 08:39:00	-0.0098076	-0.010224	-0.0079521	14.216
1	2021-12-06 08:40:00	-0.010035	-0.013632	-0.0079521	14.184
1	2021-12-06 08:41:00	-0.010111	-0.01136	-0.0079521	14.186
1	2021-12-06 08:42:00	-0.010148	-0.01136	-0.0090881	14.206
1	2021-12-06 08:43:00	-0.010035	-0.01136	-0.0079521	14.187
1	2021-12-06 08:44:00	-0.010111	-0.01136	-0.0079521	14.222
1	2021-12-06 08:45:00	-0.010111	-0.01136	-0.0079521	14.212
1	2021-12-06 08:46:00	-0.010243	-0.015904	-0.0079521	14.183
1	2021-12-06 08:47:00	-0.010224	-0.01136	-0.0068161	14.223
1	2021-12-06 08:48:00	-0.010092	-0.013632	-0.0079521	14.209
1	2021-12-06 08:49:00	-0.010092	-0.01136	-0.0090881	14.285
1	2021-12-06 08:50:00	-0.010338	-0.018176	-0.0090881	14.324
1	2021-12-06 08:51:00	-0.010148	-0.012496	-0.0090881	14.254
1	2021-12-06 08:52:00	-0.0099023	-0.01136	-0.0056801	14.224
1	2021-12-06 08:53:00	-0.0099402	-0.01136	-0.0079521	14.259
1	2021-12-06 08:54:00	-0.010069	-0.013632	-0.0090881	14.239
1	2021-12-06 08:55:00	-0.010186	-0.012496	-0.0090881	14.316
1	2021-12-06 08:56:00	-0.010111	-0.01136	-0.0068161	14.282
1	2021-12-06 08:57:00	-0.010148	-0.01136	-0.0090881	14.246
1	2021-12-06 08:58:00	-0.010167	-0.010224	-0.0090881	14.224
1	2021-12-06 08:59:00	-0.010243	-0.01136	-0.0090881	14.216
1	2021-12-06 09:00:00	-0.010319	-0.012496	-0.0090881	14.289
1	2021-12-06 09:01:00	-0.010357	-0.012496	-0.010224	14.279
1	2021-12-06 09:02:00	-0.010413	-0.012496	-0.0090881	14.276
1	2021-12-06 09:03:00	-0.010281	-0.01136	-0.0090881	14.284
1	2021-12-06 09:04:00	-0.010376	-0.014768	-0.0079521	14.319
1	2021-12-06 09:05:00	-0.010451	-0.013632	-0.0090881	14.318
1	2021-12-06 09:06:00	-0.010887	-0.019312	-0.0090881	14.22
1	2021-12-06 09:07:00	-0.01047	-0.012496	-0.0090881	14.239
1	2021-12-06 09:08:00	-0.010622	-0.014768	-0.010224	14.221
1	2021-12-06 09:09:00	-0.010754	-0.013632	-0.010224	14.217
1	2021-12-06 09:10:00	-0.010413	-0.01136	-0.0090881	14.267
1	2021-12-06 09:11:00	-0.010451	-0.01136	-0.0090881	14.285
1	2021-12-06 09:12:00	-0.010641	-0.01136	-0.010224	14.304
1	2021-12-06 09:13:00	-0.010565	-0.012496	-0.0090881	14.274
1	2021-12-06 09:14:00	-0.010527	-0.013632	-0.010224	14.274
1	2021-12-06 09:15:00	-0.010527	-0.01136	-0.010224	14.316
1	2021-12-06 09:16:00	-0.010546	-0.01136	-0.010224	14.298
1	2021-12-06 09:17:00	-0.010527	-0.012496	-0.010224	14.312
1	2021-12-06 09:18:00	-0.010754	-0.013632	-0.0090881	14.25
1	2021-12-06 09:19:00	-0.010716	-0.01136	-0.010224	14.238
1	2021-12-06 09:20:00	-0.010754	-0.012496	-0.0090881	14.213
1	2021-12-06 09:21:00	-0.010849	-0.01136	-0.0090881	14.228
1	2021-12-06 09:22:00	-0.010584	-0.01136	-0.010224	14.222
1	2021-12-06 09:23:00	-0.010679	-0.01136	-0.010224	14.186
1	2021-12-06 09:24:00	-0.01066	-0.012496	-0.0090881	14.207
1	2021-12-06 09:25:00	-0.010622	-0.012496	-0.0090881	14.181
1	2021-12-06 09:26:00	-0.010527	-0.012496	-0.0090881	14.21
1	2021-12-06 09:27:00	-0.010641	-0.013632	-0.0079521	14.207
1	2021-12-06 09:28:00	-0.010603	-0.01136	-0.0079521	14.216
1	2021-12-06 09:29:00	-0.010376	-0.01136	-0.0056801	14.186
1	2021-12-06 09:30:00	-0.010489	-0.013632	-0.0090881	14.211
1	2021-12-06 09:31:00	-0.010451	-0.012496	-0.0090881	14.159
1	2021-12-06 09:32:00	-0.010413	-0.01136	-0.0079521	14.18
1	2021-12-06 09:33:00	-0.01047	-0.014768	-0.010224	14.233
1	2021-12-06 09:34:00	-0.01047	-0.013632	-0.0090881	14.271
1	2021-12-06 09:35:00	-0.010413	-0.012496	-0.0090881	14.233
1	2021-12-06 09:36:00	-0.010527	-0.014768	-0.0090881	14.231
1	2021-12-06 09:37:00	-0.010489	-0.01136	-0.0090881	14.28
1	2021-12-06 09:38:00	-0.010622	-0.01136	-0.0090881	14.242
1	2021-12-06 09:39:00	-0.010527	-0.013632	-0.0090881	14.29
1	2021-12-06 09:40:00	-0.010716	-0.014768	-0.0090881	14.207
1	2021-12-06 09:41:00	-0.010716	-0.014768	-0.0090881	14.175
1	2021-12-06 09:42:00	-0.010508	-0.01136	-0.010224	14.22
1	2021-12-06 09:43:00	-0.010527	-0.012496	-0.0079521	14.175
1	2021-12-06 09:44:00	-0.010489	-0.012496	-0.0090881	14.225
1	2021-12-06 09:45:00	-0.010451	-0.013632	-0.0079521	14.175
1	2021-12-06 09:46:00	-0.010641	-0.01136	-0.0090881	14.175
1	2021-12-06 09:47:00	-0.010527	-0.01136	-0.0090881	14.191
1	2021-12-06 09:48:00	-0.010622	-0.015904	-0.0090881	14.224
1	2021-12-06 09:49:00	-0.010754	-0.013632	-0.0090881	14.168
1	2021-12-06 09:50:00	-0.010697	-0.013632	-0.0090881	14.182
1	2021-12-06 09:51:00	-0.01066	-0.012496	-0.010224	14.211
1	2021-12-06 09:52:00	-0.010773	-0.012496	-0.010224	14.217
1	2021-12-06 09:53:00	-0.010527	-0.013632	-0.0079521	14.201
1	2021-12-06 09:54:00	-0.010641	-0.014768	-0.010224	14.211
1	2021-12-06 09:55:00	-0.010679	-0.013632	-0.0068161	14.207
1	2021-12-06 09:56:00	-0.010565	-0.013632	-0.0090881	14.217
1	2021-12-06 09:57:00	-0.010735	-0.012496	-0.010224	14.231
1	2021-12-06 09:58:00	-0.010641	-0.01136	-0.010224	14.19
1	2021-12-06 09:59:00	-0.010679	-0.020448	-0.0090881	14.229
1	2021-12-06 10:00:00	-0.010508	-0.013632	-0.0079521	14.217
1	2021-12-06 10:01:00	-0.010603	-0.012496	-0.0079521	14.173
1	2021-12-06 10:02:00	-0.010508	-0.01136	-0.0090881	14.177
1	2021-12-06 10:03:00	-0.010641	-0.01136	-0.010224	14.241
1	2021-12-06 10:04:00	-0.010489	-0.01136	-0.0090881	14.206
1	2021-12-06 10:05:00	-0.010413	-0.01136	-0.0090881	14.218
1	2021-12-06 10:06:00	-0.010376	-0.012496	-0.0068161	14.186
1	2021-12-06 10:07:00	-0.010868	-0.012496	-0.0090881	14.191
1	2021-12-06 10:08:00	-0.010527	-0.012496	-0.0090881	14.225
1	2021-12-06 10:09:00	-0.010508	-0.012496	-0.0090881	14.268
1	2021-12-06 10:10:00	-0.010357	-0.01136	-0.0090881	14.228
1	2021-12-06 10:11:00	-0.010357	-0.01136	-0.0090881	14.212
1	2021-12-06 10:12:00	-0.010565	-0.01136	-0.010224	14.281
1	2021-12-06 10:13:00	-0.010546	-0.01136	-0.0079521	14.313
1	2021-12-06 10:14:00	-0.010451	-0.012496	-0.0068161	14.269
1	2021-12-06 10:15:00	-0.010489	-0.012496	-0.0090881	14.296
1	2021-12-06 10:16:00	-0.010527	-0.012496	-0.0090881	14.266
1	2021-12-06 10:17:00	-0.010527	-0.012496	-0.0056801	14.18
1	2021-12-06 10:18:00	-0.010413	-0.01136	-0.0079521	14.196
1	2021-12-06 10:19:00	-0.010622	-0.012496	-0.0090881	14.182
1	2021-12-06 10:20:00	-0.01066	-0.012496	-0.0090881	14.175
1	2021-12-06 10:21:00	-0.010603	-0.013632	-0.0090881	14.209
1	2021-12-06 10:22:00	-0.010527	-0.012496	-0.0090881	14.222
1	2021-12-06 10:23:00	-0.010546	-0.012496	-0.0090881	14.228
1	2021-12-06 10:24:00	-0.010584	-0.01136	-0.0090881	14.245
1	2021-12-06 10:25:00	-0.010603	-0.019312	-0.0090881	14.252
1	2021-12-06 10:26:00	-0.010489	-0.01136	-0.010224	14.165
1	2021-12-06 10:27:00	-0.010546	-0.012496	-0.0090881	14.232
1	2021-12-06 10:28:00	-0.01066	-0.013632	-0.010224	14.231
1	2021-12-06 10:29:00	-0.01047	-0.012496	-0.0034081	14.187
1	2021-12-06 10:30:00	-0.01047	-0.012496	-0.0090881	14.183
1	2021-12-06 10:31:00	-0.010603	-0.012496	-0.0079521	14.237
1	2021-12-06 10:32:00	-0.010679	-0.01136	-0.0090881	14.199
1	2021-12-06 10:33:00	-0.010432	-0.01136	-0.0079521	14.207
1	2021-12-06 10:34:00	-0.010451	-0.013632	-0.0090881	14.197
1	2021-12-06 10:35:00	-0.01047	-0.014768	-0.0090881	14.215
1	2021-12-06 10:36:00	-0.010697	-0.012496	-0.0090881	14.186
1	2021-12-06 10:37:00	-0.010508	-0.012496	-0.0079521	14.254
1	2021-12-06 10:38:00	-0.010754	-0.012496	-0.010224	14.225
1	2021-12-06 10:39:00	-0.010489	-0.01136	-0.0068161	14.202
1	2021-12-06 10:40:00	-0.010641	-0.013632	-0.0090881	14.21
1	2021-12-06 10:41:00	-0.010679	-0.01136	-0.0090881	14.174
1	2021-12-06 10:42:00	-0.010792	-0.01136	-0.0068161	14.186
1	2021-12-06 10:43:00	-0.010716	-0.01136	-0.010224	14.29
1	2021-12-06 10:44:00	-0.010773	-0.013632	-0.0090881	14.286
1	2021-12-06 10:45:00	-0.010754	-0.012496	-0.0079521	14.233
1	2021-12-06 10:46:00	-0.010716	-0.012496	-0.0090881	14.277
1	2021-12-06 10:47:00	-0.010527	-0.012496	-0.0045441	14.28
1	2021-12-06 10:48:00	-0.010508	-0.012496	-0.0090881	14.238
1	2021-12-06 10:49:00	-0.010603	-0.012496	-0.0090881	14.228
1	2021-12-06 10:50:00	-0.010716	-0.013632	-0.0090881	14.199
1	2021-12-06 10:51:00	-0.010527	-0.012496	-0.0056801	14.22
1	2021-12-06 10:52:00	0.023705	-0.012496	0.10792	14.192
1	2021-12-06 10:53:00	0.10109	0.095425	0.10565	14.219
1	2021-12-06 10:54:00	0.096258	0.093153	0.098833	14.24
1	2021-12-06 10:55:00	0.094611	0.090881	0.096561	14.238
1	2021-12-06 10:56:00	0.092036	0.090881	0.094289	14.255
1	2021-12-06 10:57:00	0.091071	0.088609	0.093153	14.177
1	2021-12-06 10:58:00	0.089859	0.088609	0.090881	14.205
1	2021-12-06 10:59:00	0.089234	0.087473	0.090881	14.213
1	2021-12-06 11:00:00	0.089083	0.088609	0.090881	14.17
1	2021-12-06 11:01:00	0.088912	0.087473	0.089745	14.137
1	2021-12-06 11:02:00	0.08878	0.087473	0.089745	14.19
1	2021-12-06 11:03:00	0.088269	0.087473	0.089745	14.204
1	2021-12-06 11:04:00	0.08806	0.086337	0.089745	14.175
1	2021-12-06 11:05:00	0.087852	0.085201	0.089745	14.207
1	2021-12-06 11:06:00	0.087738	0.087473	0.088609	14.214
1	2021-12-06 11:07:00	0.087492	0.086337	0.088609	14.219
1	2021-12-06 11:08:00	0.087396	0.086337	0.088609	13.73
1	2021-12-06 11:09:00	0.087473	0.086337	0.088609	13.773
1	2021-12-06 11:10:00	0.087473	0.085201	0.088609	13.75
1	2021-12-06 11:11:00	0.087265	0.086337	0.088609	13.793
1	2021-12-06 11:12:00	0.087303	0.086337	0.088609	13.834
1	2021-12-06 11:13:00	0.087284	0.086337	0.088609	13.875
1	2021-12-06 11:14:00	0.087076	0.085201	0.089745	13.809
1	2021-12-06 11:15:00	0.087189	0.085201	0.088609	13.805
1	2021-12-06 11:16:00	0.087265	0.086337	0.088609	13.828
1	2021-12-06 11:17:00	0.087473	0.086337	0.088609	13.841
1	2021-12-06 11:18:00	0.08736	0.086337	0.088609	13.904
1	2021-12-06 11:19:00	0.087814	0.086337	0.088609	13.904
1	2021-12-06 11:20:00	0.087701	0.086337	0.088609	13.927
1	2021-12-06 11:21:00	0.087644	0.085201	0.089745	13.904
1	2021-12-06 11:22:00	0.087701	0.086337	0.089745	13.94
1	2021-12-06 11:23:00	0.0873	0.086337	0.088609	14.383
1	2021-12-06 11:24:00	0.087303	0.085201	0.089745	14.307
1	2021-12-06 11:25:00	0.087038	0.085201	0.088609	14.329
1	2021-12-06 11:26:00	0.087341	0.086337	0.090881	14.272
1	2021-12-06 11:27:00	0.087719	0.086337	0.088609	14.332
1	2021-12-06 11:28:00	0.08806	0.087473	0.088609	14.327
1	2021-12-06 11:29:00	0.088193	0.087473	0.088609	14.29
1	2021-12-06 11:30:00	0.088571	0.087473	0.089745	14.296
1	2021-12-06 11:31:00	0.088647	0.087473	0.089745	14.249
1	2021-12-06 11:32:00	0.08895	0.087473	0.089745	14.294
1	2021-12-06 11:33:00	0.088742	0.087473	0.089745	14.275
1	2021-12-06 11:34:00	0.088799	0.087473	0.089745	14.307
1	2021-12-06 11:35:00	0.088496	0.087473	0.089745	14.347
1	2021-12-06 11:36:00	0.088212	0.087473	0.088609	14.381
1	2021-12-06 11:37:00	0.088325	0.087473	0.089745	14.26
1	2021-12-06 11:38:00	0.088723	0.087473	0.089745	14.247
1	2021-12-06 11:39:00	0.088571	0.087473	0.089745	14.311
1	2021-12-06 11:40:00	0.088496	0.087473	0.089745	14.327
1	2021-12-06 11:41:00	0.088628	0.087473	0.089745	14.325
1	2021-12-06 11:42:00	0.088534	0.087473	0.089745	14.285
1	2021-12-06 11:43:00	0.088325	0.087473	0.089745	14.282
1	2021-12-06 11:44:00	0.088477	0.087473	0.089745	14.313
1	2021-12-06 11:45:00	0.088268	0.087473	0.088609	14.333
1	2021-12-06 11:46:00	0.088287	0.087473	0.088609	14.325
1	2021-12-06 11:47:00	0.08825	0.087473	0.088609	14.342
1	2021-12-06 11:48:00	0.08806	0.086337	0.088609	14.34
1	2021-12-06 11:49:00	0.087928	0.087473	0.088609	14.29
1	2021-12-06 11:50:00	0.087909	0.086337	0.088609	14.326
1	2021-12-06 11:51:00	0.087947	0.087473	0.089745	14.296
1	2021-12-06 11:52:00	0.08753	0.086337	0.088609	14.393
1	2021-12-06 11:53:00	0.087246	0.086337	0.087473	14.401
1	2021-12-06 11:54:00	0.087132	0.086337	0.088609	14.394
1	2021-12-06 11:55:00	0.086867	0.086337	0.088609	14.384
1	2021-12-06 11:56:00	0.086792	0.086337	0.087473	14.373
1	2021-12-06 11:57:00	0.086583	0.086337	0.087473	14.382
1	2021-12-06 11:58:00	0.08664	0.086337	0.087473	14.324
1	2021-12-06 11:59:00	0.086811	0.086337	0.087473	14.379
1	2021-12-06 12:00:00	0.086848	0.086337	0.088609	14.373
1	2021-12-06 12:01:00	0.086924	0.086337	0.087473	14.319
1	2021-12-06 12:02:00	0.087151	0.086337	0.088609	14.322
1	2021-12-06 12:03:00	0.087246	0.086337	0.087473	14.309
1	2021-12-06 12:04:00	0.08736	0.086337	0.088609	14.326
1	2021-12-06 12:05:00	0.087435	0.086337	0.088609	14.316
1	2021-12-06 12:06:00	0.087322	0.086337	0.088609	14.298
1	2021-12-06 12:07:00	0.087398	0.086337	0.088609	14.312
1	2021-12-06 12:08:00	0.087511	0.086337	0.088609	14.305
1	2021-12-06 12:09:00	0.08736	0.086337	0.088609	14.269
1	2021-12-06 12:10:00	0.087341	0.086337	0.088609	14.333
1	2021-12-06 12:11:00	0.087398	0.086337	0.088609	14.291
1	2021-12-06 12:12:00	0.087076	0.085201	0.088609	14.301
1	2021-12-06 12:13:00	0.086849	0.085201	0.088609	14.324
1	2021-12-06 12:14:00	0.086924	0.086337	0.087473	14.311
1	2021-12-06 12:15:00	0.087076	0.086337	0.088609	14.303
1	2021-12-06 12:16:00	0.00049227	-0.01136	0.088609	14.265
1	2021-12-06 12:17:00	-0.01083	-0.01136	-0.010224	14.278
1	2021-12-06 12:18:00	-0.010622	-0.01136	-0.0090881	14.302
1	2021-12-06 12:19:00	-0.010754	-0.01136	-0.010224	14.346
1	2021-12-06 12:20:00	-0.010773	-0.01136	-0.010224	14.306
1	2021-12-06 12:21:00	-0.010887	-0.01136	-0.010224	14.294
1	2021-12-06 12:22:00	-0.010754	-0.01136	-0.010224	14.335
1	2021-12-06 12:23:00	-0.010565	-0.012496	-0.010224	14.313
1	2021-12-06 12:24:00	-0.010527	-0.01136	-0.010224	14.289
1	2021-12-06 12:25:00	-0.010489	-0.01136	-0.010224	14.27
1	2021-12-06 12:26:00	-0.010319	-0.01136	-0.010224	14.284
1	2021-12-06 12:27:00	-0.010376	-0.01136	-0.010224	14.299
1	2021-12-06 12:28:00	-0.010376	-0.01136	-0.010224	14.375
1	2021-12-06 12:29:00	-0.010603	-0.01136	-0.010224	14.378
1	2021-12-06 12:30:00	-0.010451	-0.01136	-0.010224	14.331
1	2021-12-06 12:31:00	-0.010338	-0.01136	-0.010224	14.395
1	2021-12-06 12:32:00	-0.010357	-0.01136	-0.010224	14.359
1	2021-12-06 12:33:00	-0.01047	-0.01136	-0.010224	14.369
1	2021-12-06 12:34:00	-0.010546	-0.01136	-0.010224	14.393
1	2021-12-06 12:35:00	-0.010546	-0.01136	-0.010224	14.328
1	2021-12-06 12:36:00	-0.010716	-0.01136	-0.010224	14.327
1	2021-12-06 12:37:00	-0.010603	-0.01136	-0.010224	14.311
1	2021-12-06 12:38:00	-0.010489	-0.01136	-0.010224	14.343
1	2021-12-06 12:39:00	-0.010527	-0.01136	-0.010224	14.307
1	2021-12-06 12:40:00	-0.010697	-0.01136	-0.010224	14.333
1	2021-12-06 12:41:00	-0.010584	-0.01136	-0.010224	14.373
1	2021-12-06 12:42:00	-0.010413	-0.01136	-0.010224	14.36
1	2021-12-06 12:43:00	-0.010432	-0.01136	-0.010224	14.348
1	2021-12-06 12:44:00	-0.010224	-0.01136	-0.0090881	14.342
1	2021-12-06 12:45:00	-0.010243	-0.01136	-0.0090881	14.322
1	2021-12-06 12:46:00	-0.010224	-0.01136	-0.0090881	14.348
1	2021-12-06 12:47:00	-0.010205	-0.01136	-0.0090881	14.344
1	2021-12-06 12:48:00	-0.010167	-0.010224	-0.0090881	14.282
1	2021-12-06 12:49:00	-0.010186	-0.01136	-0.0090881	14.29
1	2021-12-06 12:50:00	-0.010167	-0.010224	-0.0090881	14.311
1	2021-12-06 12:51:00	-0.010205	-0.010224	-0.0090881	14.322
1	2021-12-06 12:52:00	-0.010167	-0.010224	-0.0090881	14.353
1	2021-12-06 12:53:00	-0.010111	-0.010224	-0.0090881	14.352
1	2021-12-06 12:54:00	-0.010129	-0.010224	-0.0090881	14.304
1	2021-12-06 12:55:00	-0.010205	-0.010224	-0.0090881	14.316
1	2021-12-06 12:56:00	-0.010186	-0.010224	-0.0090881	14.325
1	2021-12-06 12:57:00	-0.010186	-0.010224	-0.0090881	14.262
1	2021-12-06 12:58:00	-0.010224	-0.010224	-0.010224	14.379
1	2021-12-06 12:59:00	-0.010186	-0.010224	-0.0090881	14.332
1	2021-12-06 13:00:00	-0.010129	-0.010224	-0.0090881	14.354
1	2021-12-06 13:01:00	-0.010054	-0.010224	-0.0090881	14.296
1	2021-12-06 13:02:00	-0.010148	-0.010224	-0.0090881	14.325
1	2021-12-06 13:03:00	-0.010224	-0.010224	-0.010224	14.291
1	2021-12-06 13:04:00	-0.010186	-0.010224	-0.0090881	14.322
1	2021-12-06 13:05:00	-0.010148	-0.010224	-0.0090881	14.393
1	2021-12-06 13:06:00	-0.010054	-0.010224	-0.0090881	14.373
1	2021-12-06 13:07:00	-0.010111	-0.010224	-0.0090881	14.389
1	2021-12-06 13:08:00	-0.010035	-0.010224	-0.0090881	14.324
1	2021-12-06 13:09:00	-0.010224	-0.01136	-0.0090881	14.354
1	2021-12-06 13:10:00	-0.010148	-0.01136	-0.0090881	14.37
1	2021-12-06 13:11:00	-0.010224	-0.01136	-0.0090881	14.313
1	2021-12-06 13:12:00	-0.010489	-0.01136	-0.0090881	14.344
1	2021-12-06 13:13:00	-0.010092	-0.01136	-0.0090881	14.267
1	2021-12-06 13:14:00	-0.010148	-0.01136	-0.0090881	14.287
1	2021-12-06 13:15:00	-0.010092	-0.01136	-0.0090881	14.301
1	2021-12-06 13:16:00	-0.010092	-0.01136	-0.0090881	14.308
1	2021-12-06 13:17:00	-0.0098644	-0.010224	-0.0090881	14.334
1	2021-12-06 13:18:00	-0.0097887	-0.010224	-0.0090881	14.282
1	2021-12-06 13:19:00	-0.010092	-0.01136	-0.0090881	14.304
1	2021-12-06 13:20:00	-0.0099023	-0.012496	-0.0090881	14.316
1	2021-12-06 13:21:00	-0.010357	-0.01136	-0.0090881	14.266
1	2021-12-06 13:22:00	-0.010451	-0.01136	-0.0090881	14.324
1	2021-12-06 13:23:00	-0.010281	-0.01136	-0.0090881	14.287
1	2021-12-06 13:24:00	-0.010376	-0.01136	-0.0090881	14.264
1	2021-12-06 13:25:00	-0.010224	-0.01136	-0.0090881	14.269
1	2021-12-06 13:26:00	-0.010224	-0.01136	-0.0090881	14.306
1	2021-12-06 13:27:00	-0.010584	-0.01136	-0.0090881	14.307
1	2021-12-06 13:28:00	-0.01047	-0.01136	-0.0090881	14.29
1	2021-12-06 13:29:00	-0.010811	-0.01136	-0.0090881	14.298
1	2021-12-06 13:30:00	-0.010963	-0.01136	-0.0090881	14.246
1	2021-12-06 13:31:00	-0.010963	-0.01136	-0.0090881	14.267
1	2021-12-06 13:32:00	-0.010451	-0.01136	-0.0090881	14.228
1	2021-12-06 13:33:00	-0.011038	-0.01136	-0.010224	14.29
1	2021-12-06 13:34:00	-0.010887	-0.01136	-0.0090881	14.327
1	2021-12-06 13:35:00	-0.011038	-0.012496	-0.010224	14.241
1	2021-12-06 13:36:00	-0.011284	-0.01136	-0.010224	14.298
1	2021-12-06 13:37:00	-0.010963	-0.012496	-0.0090881	14.307
1	2021-12-06 13:38:00	-0.011284	-0.012496	-0.010224	14.312
1	2021-12-06 13:39:00	-0.011303	-0.01136	-0.010224	14.273
1	2021-12-06 13:40:00	-0.011341	-0.01136	-0.010224	14.311
1	2021-12-06 13:41:00	-0.011322	-0.01136	-0.010224	14.361
1	2021-12-06 13:42:00	-0.011341	-0.012496	-0.010224	14.31
1	2021-12-06 13:43:00	-0.011076	-0.01136	-0.010224	14.352
1	2021-12-06 13:44:00	-0.011076	-0.01136	-0.010224	14.336
1	2021-12-06 13:45:00	-0.01136	-0.01136	-0.01136	14.358
1	2021-12-06 13:46:00	-0.01136	-0.01136	-0.01136	14.329
1	2021-12-06 13:47:00	-0.01136	-0.01136	-0.01136	14.29
1	2021-12-06 13:48:00	-0.011398	-0.012496	-0.010224	14.346
1	2021-12-06 13:49:00	-0.011076	-0.01136	-0.010224	14.269
1	2021-12-06 13:50:00	-0.011417	-0.012496	-0.01136	14.287
1	2021-12-06 13:51:00	-0.011379	-0.012496	-0.01136	14.309
1	2021-12-06 13:52:00	-0.011398	-0.012496	-0.01136	14.336
1	2021-12-06 13:53:00	-0.011341	-0.012496	-0.010224	14.296
1	2021-12-06 13:54:00	-0.011379	-0.012496	-0.01136	14.32
1	2021-12-06 13:55:00	-0.011379	-0.012496	-0.01136	14.262
1	2021-12-06 13:56:00	-0.011398	-0.012496	-0.01136	14.283
1	2021-12-06 13:57:00	-0.011341	-0.012496	-0.010224	14.283
1	2021-12-06 13:58:00	-0.011436	-0.012496	-0.01136	14.383
1	2021-12-06 13:59:00	-0.011398	-0.012496	-0.01136	14.334
1	2021-12-06 14:00:00	-0.011417	-0.012496	-0.01136	14.327
1	2021-12-06 14:01:00	-0.011512	-0.012496	-0.01136	14.317
1	2021-12-06 14:02:00	-0.011512	-0.012496	-0.01136	14.316
1	2021-12-06 14:03:00	-0.011512	-0.012496	-0.01136	14.363
1	2021-12-06 14:04:00	-0.011455	-0.012496	-0.01136	14.316
1	2021-12-06 14:05:00	-0.011436	-0.012496	-0.01136	14.264
1	2021-12-06 14:06:00	-0.011417	-0.012496	-0.01136	14.332
1	2021-12-06 14:07:00	-0.011455	-0.012496	-0.010224	14.288
1	2021-12-06 14:08:00	-0.011379	-0.012496	-0.01136	14.295
1	2021-12-06 14:09:00	-0.011417	-0.012496	-0.01136	14.282
1	2021-12-06 14:10:00	-0.011398	-0.012496	-0.01136	14.36
1	2021-12-06 14:11:00	-0.011436	-0.012496	-0.010224	14.349
1	2021-12-06 14:12:00	-0.011398	-0.012496	-0.010224	14.327
1	2021-12-06 14:13:00	-0.01136	-0.01136	-0.01136	14.348
1	2021-12-06 14:14:00	-0.011531	-0.012496	-0.01136	14.304
1	2021-12-06 14:15:00	-0.011625	-0.012496	-0.01136	14.319
1	2021-12-06 14:16:00	-0.011606	-0.012496	-0.01136	14.374
1	2021-12-06 14:17:00	-0.011531	-0.012496	-0.01136	14.382
1	2021-12-06 14:18:00	-0.011493	-0.012496	-0.01136	14.363
1	2021-12-06 14:19:00	-0.011493	-0.012496	-0.01136	14.345
1	2021-12-06 14:20:00	-0.011417	-0.012496	-0.010224	14.329
1	2021-12-06 14:21:00	-0.01136	-0.012496	-0.010224	14.395
1	2021-12-06 14:22:00	-0.011284	-0.01136	-0.010224	14.376
1	2021-12-06 14:23:00	-0.011019	-0.01136	-0.0090881	14.373
1	2021-12-06 14:24:00	-0.010679	-0.01136	-0.0090881	14.296
1	2021-12-06 14:25:00	-0.010167	-0.01136	-0.0090881	14.301
1	2021-12-06 14:26:00	-0.0099023	-0.01136	-0.0090881	14.294
1	2021-12-06 14:27:00	-0.0099591	-0.01136	-0.0090881	14.316
1	2021-12-06 14:28:00	-0.010016	-0.01136	-0.0079521	14.293
1	2021-12-06 14:29:00	-0.010395	-0.01136	-0.0090881	14.33
1	2021-12-06 14:30:00	-0.010603	-0.012496	-0.0079521	14.334
1	2021-12-06 14:31:00	-0.0082172	-0.01136	-0.0056801	14.336
1	2021-12-06 14:32:00	-0.0060209	-0.0079521	-0.0045441	14.298
1	2021-12-06 14:33:00	-0.0045251	-0.0056801	-0.002272	14.273
1	2021-12-06 14:34:00	-0.0026318	-0.0045441	-0.001136	14.29
1	2021-12-06 14:35:00	-0.00056801	-0.002272	0.001136	14.285
1	2021-12-06 14:36:00	0.001439	0.001136	0.002272	14.267
1	2021-12-06 14:37:00	0.0031998	0.001136	0.0045441	14.252
1	2021-12-06 14:38:00	0.0058694	0.0045441	0.0079521	14.311
1	2021-12-06 14:39:00	0.01083	0.0079521	0.014768	14.32
1	2021-12-06 14:40:00	0.019805	0.014768	0.026128	14.288
1	2021-12-06 14:41:00	0.032736	0.026128	0.039761	14.249
1	2021-12-06 14:42:00	0.048622	0.040897	0.057937	14.259
1	2021-12-06 14:43:00	0.069411	0.057937	0.081793	14.292
1	2021-12-06 14:44:00	0.097073	0.082929	0.11247	14.285
1	2021-12-06 14:45:00	0.13136	0.11372	0.15109	14.329
1	2021-12-06 14:46:00	0.17873	0.15336	0.20903	14.267
1	2021-12-06 14:47:00	0.24636	0.2113	0.28855	14.31
1	2021-12-06 14:48:00	0.33348	0.28628	0.3817	14.303
1	2021-12-06 14:49:00	0.44672	0.38511	0.52257	14.26
1	2021-12-06 14:50:00	0.60302	0.51916	0.70547	14.296
1	2021-12-06 14:51:00	0.80093	0.69979	0.92115	14.297
1	2021-12-06 14:52:00	1.0291	0.91222	1.1508	14.301
1	2021-12-06 14:53:00	1.2786	1.136	1.4302	14.301
1	2021-12-06 14:54:00	1.5663	1.4053	1.7461	14.314
1	2021-12-06 14:55:00	1.9138	1.7165	2.1096	14.33
1	2021-12-06 14:56:00	2.3248	2.0994	2.5299	14.321
1	2021-12-06 14:57:00	2.7394	2.522	2.9718	14.386
1	2021-12-06 14:58:00	3.2066	2.9173	3.4773	14.374
1	2021-12-06 14:59:00	3.7948	3.4228	4.134	14.365
1	2021-12-06 15:00:00	4.3919	4.0953	4.6963	14.368
1	2021-12-06 15:01:00	5.0739	4.6384	5.4665	14.353
1	2021-12-06 15:02:00	5.8523	5.4904	6.1368	14.339
1	2021-12-06 15:03:00	6.4553	6.1459	6.7968	14.346
1	2021-12-06 15:04:00	7.1789	6.7593	7.584	14.289
1	2021-12-06 15:05:00	7.9253	7.5829	8.2395	14.288
1	2021-12-06 15:06:00	8.5424	8.2248	8.8484	14.278
1	2021-12-06 15:07:00	9.1878	8.8632	9.5391	14.337
1	2021-12-06 15:08:00	9.9325	9.5539	10.255	14.35
1	2021-12-06 15:09:00	10.296	10.142	10.38	14.322
1	2021-12-06 15:10:00	9.7106	9.2847	10.134	14.369
1	2021-12-06 15:11:00	9.1334	9.0597	9.2563	14.321
1	2021-12-06 15:12:00	9.7125	9.2165	10.447	14.329
1	2021-12-06 15:13:00	11.792	10.508	12.928	14.311
1	2021-12-06 15:14:00	13.234	12.936	13.366	14.35
1	2021-12-06 15:15:00	12.637	12.208	13.189	14.368
1	2021-12-06 15:16:00	13.264	12.287	15.045	14.29
1	2021-12-06 15:17:00	17.574	15.037	20.369	14.303
1	2021-12-06 15:18:00	23.347	20.486	26.239	14.286
1	2021-12-06 15:19:00	27.539	26.318	28.338	14.264
1	2021-12-06 15:20:00	33.415	27.789	38.159	14.323
1	2021-12-06 15:21:00	39.104	38.147	39.511	14.319
1	2021-12-06 15:22:00	36.617	34.126	38.761	14.296
1	2021-12-06 15:23:00	32.48	31.036	34.217	14.327
1	2021-12-06 15:24:00	30.348	29.945	31.036	14.294
1	2021-12-06 15:25:00	30.569	30.127	31.161	14.306
1	2021-12-06 15:26:00	32.189	31.184	33.433	14.316
1	2021-12-06 15:27:00	35.625	33.422	38.079	14.238
1	2021-12-06 15:28:00	40.819	38.125	43.941	14.269
1	2021-12-06 15:29:00	47.751	43.918	52.461	14.278
1	2021-12-06 15:30:00	56.604	52.268	60.22	14.323
1	2021-12-06 15:31:00	62.112	60.254	63.515	14.375
1	2021-12-06 15:32:00	64.248	62.708	66.003	14.358
1	2021-12-06 15:33:00	67.22	64.912	69.979	14.38
1	2021-12-06 15:34:00	71.561	68.479	76.772	14.395
1	2021-12-06 15:35:00	79.643	73.228	86.917	14.369
1	2021-12-06 15:36:00	89.36	82.225	94.505	14.359
1	2021-12-06 15:37:00	92.848	89.734	96.255	14.368
1	2021-12-06 15:38:00	94.14	90.79	97.777	14.269
1	2021-12-06 15:39:00	96.693	92.574	100.03	14.335
1	2021-12-06 15:40:00	101.27	96.925	106.35	14.302
1	2021-12-06 15:41:00	108.09	103.15	116.54	14.297
1	2021-12-06 15:42:00	112.06	109.58	114.58	14.301
1	2021-12-06 15:43:00	113.32	110.69	117.06	14.309
1	2021-12-06 15:44:00	115.93	109.98	123.58	14.275
1	2021-12-06 15:45:00	121.46	116.37	128.28	14.29
1	2021-12-06 15:46:00	130.64	125.26	136.55	14.277
1	2021-12-06 15:47:00	138.54	133.36	146.96	14.242
1	2021-12-06 15:48:00	149.29	141.06	171.89	14.301
1	2021-12-06 15:49:00	159.78	148.89	170.88	14.254
1	2021-12-06 15:50:00	169.32	155.59	188.14	14.288
1	2021-12-06 15:51:00	178.28	163.61	196.88	14.317
1	2021-12-06 15:52:00	184.57	176.13	206.02	14.249
1	2021-12-06 15:53:00	182.83	176.53	189.03	14.311
1	2021-12-06 15:54:00	173.67	159.41	182.82	14.259
1	2021-12-06 15:55:00	161.25	141.99	363.08	14.277
1	2021-12-06 15:56:00	131.21	121.2	143.63	14.297
1	2021-12-06 15:57:00	116.78	111.51	122.51	14.265
1	2021-12-06 15:58:00	111.79	109.55	115.26	14.312
1	2021-12-06 15:59:00	111.09	107.06	116.07	13.821
1	2021-12-06 16:00:00	112.61	107.41	117.74	13.856
1	2021-12-06 16:01:00	115.3	110.92	120.09	13.894
1	2021-12-06 16:02:00	116.91	110.36	128.95	13.82
1	2021-12-06 16:03:00	117.6	113.29	124.62	13.873
1	2021-12-06 16:04:00	115.9	112.5	120.94	13.878
1	2021-12-06 16:05:00	114.5	109.61	121.8	13.852
1	2021-12-06 16:06:00	115.73	110.59	122.99	13.847
1	2021-12-06 16:07:00	116.46	112.49	120.55	13.879
1	2021-12-06 16:08:00	118.27	114.82	122.52	13.919
1	2021-12-06 16:09:00	120.34	116.73	124.89	13.921
1	2021-12-06 16:10:00	123.75	119.34	128.78	13.941
1	2021-12-06 16:11:00	126.71	118.74	132.62	13.915
1	2021-12-06 16:12:00	130.21	125.29	138.22	13.931
1	2021-12-06 16:13:00	133.28	127.17	141.57	13.917
1	2021-12-06 16:14:00	136.38	130.13	144.92	14.358
1	2021-12-06 16:15:00	136.42	129.49	147.47	14.285
1	2021-12-06 16:16:00	137.67	131.45	144.04	14.321
1	2021-12-06 16:17:00	137.4	130.44	148.02	14.334
1	2021-12-06 16:18:00	136.03	128.8	143.08	14.388
1	2021-12-06 16:19:00	137.11	127.54	143.55	14.385
1	2021-12-06 16:20:00	141.84	133.25	153.43	14.313
1	2021-12-06 16:21:00	141.07	134.86	150.08	14.291
1	2021-12-06 16:22:00	150.63	135.42	179.4	14.296
1	2021-12-06 16:23:00	190.91	163.14	203.92	14.36
1	2021-12-06 16:24:00	176.88	159.44	191.15	14.406
1	2021-12-06 16:25:00	158.92	150.85	170.75	14.323
1	2021-12-06 16:26:00	166.94	155.87	178.49	14.362
1	2021-12-06 16:27:00	184.84	168.65	199.33	14.348
1	2021-12-06 16:28:00	190.67	176.84	218.37	14.307
1	2021-12-06 16:29:00	213.89	203.17	225.45	14.313
1	2021-12-06 16:30:00	184.68	168.4	215.93	14.322
1	2021-12-06 16:31:00	170.58	158.24	196.09	14.348
1	2021-12-06 16:32:00	161.94	147.73	350.57	14.286
1	2021-12-06 16:33:00	153.31	146.63	163.94	14.287
1	2021-12-06 16:34:00	158.33	146.26	294.42	14.325
1	2021-12-06 16:35:00	171.79	146.66	372.25	14.32
1	2021-12-06 16:36:00	157.41	145.41	372.25	14.317
1	2021-12-06 16:37:00	159.33	142.52	351.29	14.331
1	2021-12-06 16:38:00	169.51	146.73	383.97	14.336
1	2021-12-06 16:39:00	172.46	148.15	455.54	14.3
1	2021-12-06 16:40:00	181.64	146.51	569.14	14.275
1	2021-12-06 16:41:00	227.89	147.06	538.59	14.32
1	2021-12-06 16:42:00	188.25	148.78	569.26	14.357
1	2021-12-06 16:43:00	554.93	408.97	612.77	14.391
1	2021-12-06 16:44:00	563.24	503.82	608.68	14.339
1	2021-12-06 16:45:00	555.5	260.72	639.46	14.403
1	2021-12-06 16:46:00	209.29	166.02	578.12	14.348
1	2021-12-06 16:47:00	310.2	180.96	590.5	14.338
1	2021-12-06 16:48:00	258.42	182.42	605.04	14.322
1	2021-12-06 16:49:00	253.77	187.6	625.38	14.335
1	2021-12-06 16:50:00	232.45	165.61	604.36	14.29
1	2021-12-06 16:51:00	257.38	164.29	595.16	14.282
1	2021-12-06 16:52:00	248.6	173.42	607.54	14.307
1	2021-12-06 16:53:00	246.31	183.98	610.04	14.264
1	2021-12-06 16:54:00	209.19	180.63	530.52	14.28
1	2021-12-06 16:55:00	205.45	174.89	399.88	14.304
1	2021-12-06 16:56:00	443.45	185.42	762.15	14.318
1	2021-12-06 16:57:00	589.76	245.83	751.82	14.34
1	2021-12-06 16:58:00	610.89	273.21	766.7	14.337
1	2021-12-06 16:59:00	625.65	342.96	747.27	14.295
1	2021-12-06 17:00:00	604.22	192.74	748.64	14.306
1	2021-12-06 17:01:00	243.81	189.87	774.76	14.291
1	2021-12-06 17:02:00	536.99	194.65	770.67	14.266
1	2021-12-06 17:03:00	692.57	197.36	799.42	14.272
1	2021-12-06 17:04:00	696.08	349.44	837.02	14.323
1	2021-12-06 17:05:00	720.99	415.78	826.23	14.32
1	2021-12-06 17:06:00	670.36	195.74	829.18	14.306
1	2021-12-06 17:07:00	657.02	190.83	832.13	14.319
1	2021-12-06 17:08:00	757.42	516.32	842.7	14.284
1	2021-12-06 17:09:00	721.03	511.78	841.22	14.264
1	2021-12-06 17:10:00	720.86	530.86	842.24	14.261
1	2021-12-06 17:11:00	733.88	360.69	891.09	14.273
1	2021-12-06 17:12:00	744.27	532.68	882	14.269
1	2021-12-06 17:13:00	765.69	534.04	897.23	14.297
1	2021-12-06 17:14:00	740.79	543.47	938.01	14.329
1	2021-12-06 17:15:00	804.34	522.45	972.32	14.295
1	2021-12-06 17:16:00	799.95	548.7	935.17	14.338
1	2021-12-06 17:17:00	788.14	572.89	974.48	14.334
1	2021-12-06 17:18:00	733.33	547.9	963.46	14.431
1	2021-12-06 17:19:00	850.4	620.38	1011.3	14.353
1	2021-12-06 17:20:00	795.11	575.51	996.85	14.395