1	2021-12-12 20:28:00	1485.6	1430.5	1538.6	13.969
1	2021-12-12 20:29:00	1489	1437.6	1557.5	13.905
1	2021-12-12 20:30:00	1525.2	1442.2	1616.6	13.948
1	2021-12-12 20:31:00	1619.3	1584.7	1669.6	13.934
1	2021-12-12 20:32:00	1642.6	1445.5	1694.8	13.929
1	2021-12-12 20:33:00	1411.7	732.5	1747.6	13.895
1	2021-12-12 20:34:00	1107.4	637.87	1854.8	13.879
1	2021-12-12 20:35:00	1522.9	590.96	1755.4	13.92
1	2021-12-12 20:36:00	1634.8	1586	1674.8	13.902
1	2021-12-12 20:37:00	1568.4	1234.4	1650.4	13.912
1	2021-12-12 20:38:00	1631.9	1600.8	1660.2	13.853
1	2021-12-12 20:39:00	1713.4	1642.2	1799.8	13.861
1	2021-12-12 20:40:00	1614.6	847.81	2001.5	13.88
1	2021-12-12 20:41:00	1305.5	594.25	2053.8	13.891
1	2021-12-12 20:42:00	556.76	535.63	595.61	14.296
1	2021-12-12 20:43:00	552.71	530.41	599.25	14.332
1	2021-12-12 20:44:00	1484.8	598.11	2017.3	14.279
1	2021-12-12 20:45:00	1142.6	796.01	1619.3	14.241
1	2021-12-12 20:46:00	1401.6	691.61	1959.9	14.271
1	2021-12-12 20:47:00	1426.3	671.73	1720	14.291
1	2021-12-12 20:48:00	1707.4	1669.1	1748	14.309
1	2021-12-12 20:49:00	1796.3	1572.9	1894.1	14.314
1	2021-12-12 20:50:00	1291.6	606.86	1859.5	14.337
1	2021-12-12 20:51:00	1699.8	1505.8	1789.6	14.317
1	2021-12-12 20:52:00	1673.8	1141	1756.4	14.354
1	2021-12-12 20:53:00	1811.8	1709.5	1911.3	14.37
1	2021-12-12 20:54:00	1848.3	1137.4	2069.7	14.396
1	2021-12-12 20:55:00	760.44	620.83	1063.4	14.416
1	2021-12-12 20:56:00	491.42	422.03	608.68	14.374
1	2021-12-12 20:57:00	406.78	383.29	503.94	14.35
1	2021-12-12 20:58:00	1370.8	516.43	1603.7	14.369
1	2021-12-12 20:59:00	1568	1509.5	1654.3	14.42
1	2021-12-12 21:00:00	1623.2	1574.4	1666.7	14.415
1	2021-12-12 21:01:00	1650.9	1052.9	1765.8	14.314
1	2021-12-12 21:02:00	1481.3	888.37	1805.1	14.282
1	2021-12-12 21:03:00	1703.7	1306.8	1805.5	14.248
1	2021-12-12 21:04:00	1754	1606.9	1816.6	14.303
1	2021-12-12 21:05:00	1739.7	1601.7	1833	14.314
1	2021-12-12 21:06:00	1882	1801.2	1956.6	14.34
1	2021-12-12 21:07:00	1314.5	718.87	1942.7	14.285
1	2021-12-12 21:08:00	640.37	584.82	714.67	14.285
1	2021-12-12 21:09:00	592.39	567.78	647.76	14.285
1	2021-12-12 21:10:00	609.11	559.49	1021.7	14.318
1	2021-12-12 21:11:00	1316.5	948.46	1553.2	14.384
1	2021-12-12 21:12:00	1596.2	1449.2	1707.4	14.456
1	2021-12-12 21:13:00	1740.6	1639.6	1807.4	14.389
1	2021-12-12 21:14:00	1730.2	1611.9	1828.3	14.416
1	2021-12-12 21:15:00	1821.6	1678.4	1876	14.347
1	2021-12-12 21:16:00	1406	647.76	1871.7	14.36
1	2021-12-12 21:17:00	681.07	631.85	752.16	14.395
1	2021-12-12 21:18:00	1060.8	701.94	1778.3	14.384
1	2021-12-12 21:19:00	1619.7	627.76	1909.8	14.355
1	2021-12-12 21:20:00	560.42	532.11	618.67	14.369
1	2021-12-12 21:21:00	749.5	527.68	1712.9	14.332
1	2021-12-12 21:22:00	1592.2	1097.6	1712.1	14.406
1	2021-12-12 21:23:00	1651.2	1620.9	1704.6	14.355
1	2021-12-12 21:24:00	1625.8	1596.9	1659.8	14.369
1	2021-12-12 21:25:00	1667.7	1241.2	1762.9	14.397
1	2021-12-12 21:26:00	1759.5	1722.9	1788.2	14.337
1	2021-12-12 21:27:00	1848.6	1753.6	1941.2	14.239
1	2021-12-12 21:28:00	1177.7	613.79	1944.3	14.3
1	2021-12-12 21:29:00	565.35	538.36	612.43	14.31
1	2021-12-12 21:30:00	627.94	539.49	755	14.325
1	2021-12-12 21:31:00	1299.4	638.33	1703.3	14.351
1	2021-12-12 21:32:00	1677.2	1624	1729.4	14.271
1	2021-12-12 21:33:00	1738.1	1681.4	1794.1	14.239
1	2021-12-12 21:34:00	1867.8	1785.1	1933.8	14.374
1	2021-12-12 21:35:00	1472.1	1138.6	1930	14.426
1	2021-12-12 21:36:00	1254.4	796.12	1765.9	14.4
1	2021-12-12 21:37:00	1605	1477.3	1716.2	14.467
1	2021-12-12 21:38:00	1611.1	1548.8	1708.7	14.476
1	2021-12-12 21:39:00	1638.9	1588.8	1693.5	14.337
1	2021-12-12 21:40:00	1670.1	1613.3	1722.7	14.389
1	2021-12-12 21:41:00	1696.3	1624	1762.3	14.436
1	2021-12-12 21:42:00	1647.4	1573	1743	14.422
1	2021-12-12 21:43:00	1566.2	1516.2	1614.6	14.366
1	2021-12-12 21:44:00	1503.8	1457.3	1563.7	14.342
1	2021-12-12 21:45:00	1468.9	1164.9	1570.7	14.354
1	2021-12-12 21:46:00	1443	1367.7	1528.7	14.334
1	2021-12-12 21:47:00	1439.3	1402.2	1481.7	14.361
1	2021-12-12 21:48:00	1472.1	1432.1	1511.5	14.323
1	2021-12-12 21:49:00	1517.8	1462.8	1578.8	14.376
1	2021-12-12 21:50:00	1580.8	1530.9	1623.1	14.281
1	2021-12-12 21:51:00	1567.7	1510.9	1610.3	14.296
1	2021-12-12 21:52:00	1590.3	1534.6	1647.5	14.306
1	2021-12-12 21:53:00	1516.2	1426.8	1603.7	14.296
1	2021-12-12 21:54:00	1424.6	965.73	1580.2	14.28
1	2021-12-12 21:55:00	705.98	607.31	975.27	14.278
1	2021-12-12 21:56:00	1408.7	671.84	1629.8	14.311
1	2021-12-12 21:57:00	1313.1	1177.8	1570.7	14.322
1	2021-12-12 21:58:00	1388.2	1254.4	1494.4	14.373
1	2021-12-12 21:59:00	1546	1477.2	1668.8	14.265
1	2021-12-12 22:00:00	1660.3	1600.9	1750	14.308
1	2021-12-12 22:01:00	1125.2	688.77	1795.1	14.279
1	2021-12-12 22:02:00	926.91	608.22	1661.4	14.289
1	2021-12-12 22:03:00	1495.9	1060.6	1671.9	14.319
1	2021-12-12 22:04:00	1398.2	838.83	1665.2	14.311
1	2021-12-12 22:05:00	1578.8	1544.3	1609.8	14.363
1	2021-12-12 22:06:00	1566.5	1527.5	1604.4	14.329
1	2021-12-12 22:07:00	1559.3	1502.4	1606.8	14.33
1	2021-12-12 22:08:00	1548.2	1497.8	1595.9	14.345
1	2021-12-12 22:09:00	1493	1228.6	1550.8	14.404
1	2021-12-12 22:10:00	1310.1	942.21	1469.2	14.375
1	2021-12-12 22:11:00	1388.9	1349.6	1429	14.422
1	2021-12-12 22:12:00	1391.7	1356.6	1432.9	14.321
1	2021-12-12 22:13:00	1384.5	1338.8	1432.3	14.326
1	2021-12-12 22:14:00	1381.4	1344.6	1421.5	14.358
1	2021-12-12 22:15:00	1361.8	1307.8	1414.1	14.436
1	2021-12-12 22:16:00	1301.7	1265.4	1344.6	14.433
1	2021-12-12 22:17:00	1310.8	1004	1392.1	14.404
1	2021-12-12 22:18:00	1310.1	1215.9	1379.8	14.428
1	2021-12-12 22:19:00	1199.6	1027.8	1322.1	14.373
1	2021-12-12 22:20:00	1167.4	967.55	1231.7	14.366
1	2021-12-12 22:21:00	1067.5	858.03	1232.6	14.396
1	2021-12-12 22:22:00	1023.4	902.22	1155.2	14.335
1	2021-12-12 22:23:00	1041.8	820.77	1235	14.328
1	2021-12-12 22:24:00	1156.9	1103.3	1227.9	14.304
1	2021-12-12 22:25:00	1186.5	1137.7	1240.2	14.332
1	2021-12-12 22:26:00	1298.2	1181.5	1433.3	14.324
1	2021-12-12 22:27:00	1413.4	1266.8	1522	14.341
1	2021-12-12 22:28:00	1488.9	1424	1527.4	14.339
1	2021-12-12 22:29:00	1478.4	1387.8	1563.5	14.276
1	2021-12-12 22:30:00	1413.3	1352.2	1463.2	14.308
1	2021-12-12 22:31:00	1140.4	684	1436.3	14.416
1	2021-12-12 22:32:00	1232.3	1070.2	1341.7	14.368
1	2021-12-12 22:33:00	1187.8	1149.2	1253.1	14.395
1	2021-12-12 22:34:00	1168.5	1076.1	1267.1	14.394
1	2021-12-12 22:35:00	1347.9	1264.5	1427.1	14.365
1	2021-12-12 22:36:00	1411.9	1346.5	1491.9	14.365
1	2021-12-12 22:37:00	1327.6	1286.2	1362.9	14.443
1	2021-12-12 22:38:00	1272.5	1199.6	1325.2	14.459
1	2021-12-12 22:39:00	1163.1	935.51	1362.8	14.337
1	2021-12-12 22:40:00	1183.4	975.38	1305.3	14.364
1	2021-12-12 22:41:00	1154.5	1057.5	1249.7	14.298
1	2021-12-12 22:42:00	1488.1	1279.5	1638.5	14.282
1	2021-12-12 22:43:00	1662.1	1624.8	1718.1	14.301
1	2021-12-12 22:44:00	1643	1581.8	1691.6	14.308
1	2021-12-12 22:45:00	1595.9	1531.2	1666.4	14.294
1	2021-12-12 22:46:00	1515.2	1230.4	1614.8	14.255
1	2021-12-12 22:47:00	1468.4	1210.5	1571.2	14.335
1	2021-12-12 22:48:00	1321.8	908.02	1545.4	14.377
1	2021-12-12 22:49:00	1466	1404.1	1531.6	14.37
1	2021-12-12 22:50:00	1318.2	945.62	1456.9	14.373
1	2021-12-12 22:51:00	1348.5	1258.1	1433.2	14.426
1	2021-12-12 22:52:00	1332.9	1272.3	1383.8	14.358
1	2021-12-12 22:53:00	1369.8	1320.4	1415.5	14.355
1	2021-12-12 22:54:00	1352.4	1284	1422.1	14.384
1	2021-12-12 22:55:00	1222.7	1108.6	1329.4	14.309
1	2021-12-12 22:56:00	1192.2	1116.5	1294.9	14.4
1	2021-12-12 22:57:00	1251.2	925.06	1390.8	14.399
1	2021-12-12 22:58:00	1048.2	853.94	1306	14.369
1	2021-12-12 22:59:00	1140.3	790.33	1371.4	14.407
1	2021-12-12 23:00:00	1402.4	1237.5	1475.5	14.366
1	2021-12-12 23:01:00	1477.9	1427	1530.8	14.362
1	2021-12-12 23:02:00	1088.5	723.64	1489.3	14.349
1	2021-12-12 23:03:00	1169.6	810.09	1472.4	14.279
1	2021-12-12 23:04:00	1337.4	1026.7	1441.2	14.303
1	2021-12-12 23:05:00	1374.7	1219.7	1450.2	14.311
1	2021-12-12 23:06:00	1382.4	1322.1	1445.4	14.299
1	2021-12-12 23:07:00	1341.6	1288.6	1377	14.326
1	2021-12-12 23:08:00	1268.1	1194.7	1331.2	14.353
1	2021-12-12 23:09:00	1327.3	1276.7	1375.5	14.363
1	2021-12-12 23:10:00	1328.3	929.49	1436.8	14.355
1	2021-12-12 23:11:00	892.94	713.99	1307.4	14.339
1	2021-12-12 23:12:00	1047.3	642.19	1380	14.35
1	2021-12-12 23:13:00	671	594.14	1151.5	14.33
1	2021-12-12 23:14:00	588.13	555.74	640.03	14.358
1	2021-12-12 23:15:00	994.95	650.48	1396.7	14.425
1	2021-12-12 23:16:00	1401.3	1221.2	1487	14.343
1	2021-12-12 23:17:00	1355.9	1315.3	1419.5	14.348
1	2021-12-12 23:18:00	1308.6	1219.6	1375.9	14.345
1	2021-12-12 23:19:00	1272.3	1167.4	1373.8	14.269
1	2021-12-12 23:20:00	1078	681.38	1385.5	14.357
1	2021-12-12 23:21:00	1241.6	982.88	1433.9	14.405
1	2021-12-12 23:22:00	1162.1	826.57	1345	14.38
1	2021-12-12 23:23:00	1325.8	1220.5	1437.3	14.315
1	2021-12-12 23:24:00	1485.2	1407.8	1602.1	14.308
1	2021-12-12 23:25:00	1050.8	591.86	1544.4	14.254
1	2021-12-12 23:26:00	733.79	561.76	1313.3	14.307
1	2021-12-12 23:27:00	1495.4	1220.2	1602.2	14.324
1	2021-12-12 23:28:00	1531.9	1488	1612.9	14.249
1	2021-12-12 23:29:00	1533.4	1466.1	1646.9	14.275
1	2021-12-12 23:30:00	1416.1	1167.6	1575.2	14.255
1	2021-12-12 23:31:00	1339.2	1292.9	1404	14.262
1	2021-12-12 23:32:00	1316.9	1226	1396.2	14.242
1	2021-12-12 23:33:00	1198.4	676.16	1560	14.296
1	2021-12-12 23:34:00	1429.3	849.74	1666.3	14.327
1	2021-12-12 23:35:00	1576.4	1459.9	1695.5	14.375
1	2021-12-12 23:36:00	1358.6	1265.9	1495.9	14.386
1	2021-12-12 23:37:00	1214.6	1158.9	1295.9	14.395
1	2021-12-12 23:38:00	1270	1198.7	1320.1	14.381
1	2021-12-12 23:39:00	1158.6	717.28	1454.8	14.384
1	2021-12-12 23:40:00	1379.3	1280.3	1466.8	14.444
1	2021-12-12 23:41:00	1475	1374.6	1554.1	14.437
1	2021-12-12 23:42:00	1431	1148.9	1541.8	14.364
1	2021-12-12 23:43:00	1145	872.35	1393.1	14.332
1	2021-12-12 23:44:00	1287.4	1145.4	1408.8	14.314
1	2021-12-12 23:45:00	1258.3	1198.6	1336.9	14.295
1	2021-12-12 23:46:00	1447.5	1250.9	1586.8	14.349
1	2021-12-12 23:47:00	1088.3	516.43	1599.1	14.259
1	2021-12-12 23:48:00	891.39	505.98	1363.3	14.231
1	2021-12-12 23:49:00	1358.7	1247.8	1438.3	14.227
1	2021-12-12 23:50:00	1399.2	1172.4	1477.8	14.33
1	2021-12-12 23:51:00	1061.8	500.64	1458.5	14.324
1	2021-12-12 23:52:00	1355.3	1244.3	1439.1	14.3
1	2021-12-12 23:53:00	1415.2	1346	1473.8	14.315
1	2021-12-12 23:54:00	1442.6	1369.6	1502.6	14.285
1	2021-12-12 23:55:00	1225.3	709.44	1478.4	14.287
1	2021-12-12 23:56:00	948.55	513.59	1392.4	14.34
1	2021-12-12 23:57:00	1308.4	874.28	1485.7	14.351
1	2021-12-12 23:58:00	1299.1	944.03	1475.1	14.385
1	2021-12-12 23:59:00	1283.7	1158.6	1408	14.337
1	2021-12-13 00:00:00	1157.2	1083.1	1239.7	14.326
1	2021-12-13 00:01:00	1115.5	982.31	1201.5	14.318
1	2021-12-13 00:02:00	935.32	639.24	1115.3	14.315
1	2021-12-13 00:03:00	1208.7	749.88	1326.1	14.376
1	2021-12-13 00:04:00	1349.4	1255.8	1438.5	14.353
1	2021-12-13 00:05:00	1393.6	1330.4	1455.1	14.297
1	2021-12-13 00:06:00	1393.2	1350.2	1457.2	14.3
1	2021-12-13 00:07:00	1384.6	1321.9	1435.1	14.295
1	2021-12-13 00:08:00	1197.5	643.55	1455.8	14.275
1	2021-12-13 00:09:00	1338	1277.8	1439.8	14.295
1	2021-12-13 00:10:00	1305.3	1241.9	1366.5	14.323
1	2021-12-13 00:11:00	1374.2	1287.2	1445	14.303
1	2021-12-13 00:12:00	1432.3	1386.5	1481.4	14.361
1	2021-12-13 00:13:00	1218.7	774.54	1517	14.377
1	2021-12-13 00:14:00	1373.7	1310.3	1467.6	14.372
1	2021-12-13 00:15:00	1333.5	1270.3	1383.9	14.398
1	2021-12-13 00:16:00	1350.7	1250.6	1436.8	14.383
1	2021-12-13 00:17:00	1137.7	553.58	1467.3	14.433
1	2021-12-13 00:18:00	926.38	493.94	1288.2	14.454
1	2021-12-13 00:19:00	1174.3	1085.1	1227.7	14.381
1	2021-12-13 00:20:00	1077.4	990.15	1199.6	14.363
1	2021-12-13 00:21:00	773.07	509.62	1226.6	14.395
1	2021-12-13 00:22:00	908.4	559.03	1096.6	14.404
1	2021-12-13 00:23:00	1054.8	867.35	1175	14.373
1	2021-12-13 00:24:00	1181.2	1094.9	1248.5	14.391
1	2021-12-13 00:25:00	1244.8	1166	1294.4	14.394
1	2021-12-13 00:26:00	1288.3	1184.9	1392.8	14.307
1	2021-12-13 00:27:00	1348.4	1110	1441.8	14.297
1	2021-12-13 00:28:00	919.85	553.13	1458.6	14.363
1	2021-12-13 00:29:00	1301.3	1236.2	1403.5	14.336
1	2021-12-13 00:30:00	1164.8	987.2	1275.1	14.361
1	2021-12-13 00:31:00	1195.9	1145.7	1247.7	14.345
1	2021-12-13 00:32:00	1173.1	1100.8	1243.1	14.322
1	2021-12-13 00:33:00	1184.5	1131.8	1214.9	14.332
1	2021-12-13 00:34:00	1201.5	1108	1291	14.297
1	2021-12-13 00:35:00	1264.6	886.55	1373	14.336
1	2021-12-13 00:36:00	1111.5	877.35	1285.6	14.296
1	2021-12-13 00:37:00	1179.1	1030.4	1256.3	14.278
1	2021-12-13 00:38:00	1144.5	964.02	1203.8	14.306
1	2021-12-13 00:39:00	1104.2	1019.7	1160.8	14.34
1	2021-12-13 00:40:00	1084.5	1016.8	1151.7	14.334
1	2021-12-13 00:41:00	1051.7	947.78	1129.7	14.386
1	2021-12-13 00:42:00	1076.4	1022.5	1139.8	14.379
1	2021-12-13 00:43:00	1116.5	983.11	1192.1	14.327
1	2021-12-13 00:44:00	833.79	564.26	1092.2	14.343
1	2021-12-13 00:45:00	911.98	620.27	1115.6	14.411
1	2021-12-13 00:46:00	1048.9	1001.4	1097.1	14.437
1	2021-12-13 00:47:00	1074.3	995.15	1136.1	14.442
1	2021-12-13 00:48:00	964.35	603.79	1092.2	14.379
1	2021-12-13 00:49:00	792.91	534.95	1043.7	14.342
1	2021-12-13 00:50:00	912.77	867.8	964.59	14.31
1	2021-12-13 00:51:00	946.91	877.69	1019.8	14.338
1	2021-12-13 00:52:00	855.77	780.67	933.81	14.317
1	2021-12-13 00:53:00	824.44	762.49	877.46	14.348
1	2021-12-13 00:54:00	837.33	787.71	890.18	14.354
1	2021-12-13 00:55:00	701.22	519.27	854.63	14.348
1	2021-12-13 00:56:00	824.3	758.63	924.49	14.358
1	2021-12-13 00:57:00	715.1	672.29	752.27	14.44
1	2021-12-13 00:58:00	633.98	577.78	695.02	14.394
1	2021-12-13 00:59:00	614.54	582.66	665.93	14.463
1	2021-12-13 01:00:00	646.56	615.72	671.73	14.431
1	2021-12-13 01:01:00	582.5	527.11	644.92	14.405
1	2021-12-13 01:02:00	477.19	433.39	526.09	14.321
1	2021-12-13 01:03:00	538.12	427.94	703.54	14.359
1	2021-12-13 01:04:00	776.36	690.13	886.66	14.436
1	2021-12-13 01:05:00	780.51	581.3	863.94	14.425
1	2021-12-13 01:06:00	667.55	493.14	810.78	14.323
1	2021-12-13 01:07:00	549.9	371.64	632.65	14.333
1	2021-12-13 01:08:00	545.98	465.2	608.45	14.343
1	2021-12-13 01:09:00	487.19	431.69	544.04	14.329
1	2021-12-13 01:10:00	527.17	475.99	587.32	14.347
1	2021-12-13 01:11:00	563.22	519.95	624.58	14.384
1	2021-12-13 01:12:00	527.8	486.9	559.72	14.343
1	2021-12-13 01:13:00	492.37	446.11	535.29	14.327
1	2021-12-13 01:14:00	556.43	356.37	681.38	14.368
1	2021-12-13 01:15:00	720.1	615.83	794.53	14.327
1	2021-12-13 01:16:00	625.12	388.74	764.77	14.322
1	2021-12-13 01:17:00	773.08	725.23	835.99	14.34
1	2021-12-13 01:18:00	772.44	545.74	858.83	14.3
1	2021-12-13 01:19:00	607.13	462.59	736.03	14.282
1	2021-12-13 01:20:00	586.13	408.4	731.82	14.351
1	2021-12-13 01:21:00	579.02	414.08	785.44	14.369
1	2021-12-13 01:22:00	664.27	459.97	860.99	14.396
1	2021-12-13 01:23:00	808.04	548.24	923.47	14.402
1	2021-12-13 01:24:00	501.64	394.08	792.26	14.436
1	2021-12-13 01:25:00	823.87	453.27	951.87	14.391
1	2021-12-13 01:26:00	792.22	626.51	918.7	14.355
1	2021-12-13 01:27:00	658.86	476.45	842.7	14.362
1	2021-12-13 01:28:00	499.64	302.52	810.21	14.36
1	2021-12-13 01:29:00	505.56	324.67	871.32	14.362
1	2021-12-13 01:30:00	808.38	574.14	866.21	14.319
1	2021-12-13 01:31:00	512.39	435.89	587.55	14.412
1	2021-12-13 01:32:00	385.96	262.87	686.49	14.423
1	2021-12-13 01:33:00	251.47	232.91	312.52	14.435
1	2021-12-13 01:34:00	491.91	274.23	648.55	14.447
1	2021-12-13 01:35:00	608.52	546.88	675.36	14.38
1	2021-12-13 01:36:00	599.95	514.5	679.91	14.366
1	2021-12-13 01:37:00	603.31	488.26	690.13	14.392
1	2021-12-13 01:38:00	674.84	614.7	738.64	14.359
1	2021-12-13 01:39:00	677.66	614.59	762.38	14.406
1	2021-12-13 01:40:00	688.22	640.26	751.7	14.401
1	2021-12-13 01:41:00	676.65	577.66	769.42	14.318
1	2021-12-13 01:42:00	683.58	641.74	743.75	14.321
1	2021-12-13 01:43:00	738.75	663.77	798.28	14.327
1	2021-12-13 01:44:00	686.58	425.1	906.31	14.322
1	2021-12-13 01:45:00	628.22	361.03	740.57	14.31
1	2021-12-13 01:46:00	467.11	342.05	602.32	14.337
1	2021-12-13 01:47:00	589.59	390.68	743.41	14.312
1	2021-12-13 01:48:00	718.17	640.71	802.71	14.273
1	2021-12-13 01:49:00	629.11	537	765.68	14.369
1	2021-12-13 01:50:00	603.67	554.72	680.7	14.353
1	2021-12-13 01:51:00	656.55	564.71	691.83	14.414
1	2021-12-13 01:52:00	483.47	258.22	691.83	14.396
1	2021-12-13 01:53:00	503.24	211.09	709.33	14.341
1	2021-12-13 01:54:00	677.67	617.99	729.78	14.353
1	2021-12-13 01:55:00	567.57	443.39	662.18	14.358
1	2021-12-13 01:56:00	467.72	286.62	609.47	14.436
1	2021-12-13 01:57:00	303.29	205.58	512.91	14.364
1	2021-12-13 01:58:00	520.89	372.25	662.75	14.304
1	2021-12-13 01:59:00	569.01	506.1	641.51	14.332
1	2021-12-13 02:00:00	548.57	479.4	632.65	14.348
1	2021-12-13 02:01:00	599.38	508.71	674.57	14.285
1	2021-12-13 02:02:00	609.69	544.04	685.7	14.337
1	2021-12-13 02:03:00	549.84	430.1	650.03	14.337
1	2021-12-13 02:04:00	339.14	273.89	413.62	14.309
1	2021-12-13 02:05:00	398.23	255.15	581.64	14.335
1	2021-12-13 02:06:00	349.43	218.77	493.14	14.304
1	2021-12-13 02:07:00	475.82	416.35	543.7	14.32
1	2021-12-13 02:08:00	541.19	475.42	590.16	14.296
1	2021-12-13 02:09:00	565.74	527.23	640.03	14.343
1	2021-12-13 02:10:00	539.76	297.64	621.74	14.361
1	2021-12-13 02:11:00	337.65	235.72	498.37	14.324
1	2021-12-13 02:12:00	301.97	229.7	398.74	14.384
1	2021-12-13 02:13:00	399.12	301.5	463.84	14.447
1	2021-12-13 02:14:00	474.11	384.88	525.18	14.426
1	2021-12-13 02:15:00	399.78	319.56	473.26	14.376
1	2021-12-13 02:16:00	407.71	367.73	449.98	14.449
1	2021-12-13 02:17:00	444.61	295.93	530.86	14.382
1	2021-12-13 02:18:00	506.33	447.7	589.71	14.442
1	2021-12-13 02:19:00	303.38	200.6	522.68	14.394
1	2021-12-13 02:20:00	321.4	206.73	518.14	14.425
1	2021-12-13 02:21:00	499.07	423.51	546.2	14.387
1	2021-12-13 02:22:00	498.51	438.39	551.88	14.381
1	2021-12-13 02:23:00	470.01	426.92	512.57	14.387
1	2021-12-13 02:24:00	459.92	395.33	516.66	14.335
1	2021-12-13 02:25:00	312.84	172.05	483.83	14.284
1	2021-12-13 02:26:00	402.48	173.48	476.9	14.317
1	2021-12-13 02:27:00	353.57	214.11	500.64	14.301
1	2021-12-13 02:28:00	366.9	210.47	462.02	14.35
1	2021-12-13 02:29:00	427.86	383.75	506.89	14.387
1	2021-12-13 02:30:00	419.35	360.8	480.08	14.35
1	2021-12-13 02:31:00	413.42	360.91	462.02	14.37
1	2021-12-13 02:32:00	409.3	362.96	443.16	14.421
1	2021-12-13 02:33:00	405.34	353.07	458.5	14.398
1	2021-12-13 02:34:00	339.97	224.19	447.02	14.342
1	2021-12-13 02:35:00	374.18	259.36	483.6	14.382
1	2021-12-13 02:36:00	378.89	253.33	505.07	14.36
1	2021-12-13 02:37:00	219.14	185.8	259.69	14.313
1	2021-12-13 02:38:00	191.25	171.52	303.57	14.338
1	2021-12-13 02:39:00	282.83	172.9	368.3	14.334
1	2021-12-13 02:40:00	286.25	249.36	322.63	14.374
1	2021-12-13 02:41:00	279.83	248.9	317.97	14.358
1	2021-12-13 02:42:00	301.04	244.58	351.26	14.306
1	2021-12-13 02:43:00	279.11	222.9	326.95	14.342
1	2021-12-13 02:44:00	226.43	187.18	268.75	14.325
1	2021-12-13 02:45:00	205.55	152.56	245.86	14.287
1	2021-12-13 02:46:00	193.29	131.41	235.3	14.35
1	2021-12-13 02:47:00	200.57	181.81	214.48	14.422
1	2021-12-13 02:48:00	208.64	180.58	244.44	14.395
1	2021-12-13 02:49:00	221.79	195.52	249.26	14.4
1	2021-12-13 02:50:00	205.08	181.16	230.38	14.428
1	2021-12-13 02:51:00	174.05	151.16	195.8	14.412
1	2021-12-13 02:52:00	135.07	110.49	164.43	14.363
1	2021-12-13 02:53:00	115.81	104.41	131.2	14.372
1	2021-12-13 02:54:00	118.91	108.78	129.84	14.419
1	2021-12-13 02:55:00	122.27	96.289	166.68	14.316
1	2021-12-13 02:56:00	160.31	141.23	192.42	14.349
1	2021-12-13 02:57:00	142.93	103.55	192.9	14.349
1	2021-12-13 02:58:00	103.54	98.97	113.5	14.333
1	2021-12-13 02:59:00	140.05	97.663	160.16	14.384
1	2021-12-13 03:00:00	128.65	112.39	147.59	14.389
1	2021-12-13 03:01:00	116.62	106.13	128.03	14.373
1	2021-12-13 03:02:00	117.74	100.01	132.1	14.365
1	2021-12-13 03:03:00	98.44	81.509	135.41	14.395
1	2021-12-13 03:04:00	106.69	82.1	127.28	14.3
1	2021-12-13 03:05:00	132.67	103.57	157.54	14.343
1	2021-12-13 03:06:00	124.4	97.879	157.99	14.336
1	2021-12-13 03:07:00	101.64	89.132	116.62	14.409
1	2021-12-13 03:08:00	90.387	80.021	100.34	14.462
1	2021-12-13 03:09:00	88.164	76.465	97.72	14.389
1	2021-12-13 03:10:00	80.206	74.557	89.336	14.413
1	2021-12-13 03:11:00	79.903	68.172	88.019	14.342
1	2021-12-13 03:12:00	80.429	70.058	92.426	14.405
1	2021-12-13 03:13:00	78.595	69.82	88.223	14.397
1	2021-12-13 03:14:00	68.347	63.276	72.83	14.356
1	2021-12-13 03:15:00	71.077	66.253	78.487	14.344
1	2021-12-13 03:16:00	71.449	60.981	85.133	14.339
1	2021-12-13 03:17:00	61.442	55.335	71.444	14.342
1	2021-12-13 03:18:00	53.483	48.951	56.846	14.385
1	2021-12-13 03:19:00	49.775	46.565	54.597	14.378
1	2021-12-13 03:20:00	47.683	44.861	50.246	14.353
1	2021-12-13 03:21:00	47.018	44.214	50.973	14.374
1	2021-12-13 03:22:00	44.045	39.159	50.439	14.359
1	2021-12-13 03:23:00	40.484	36.557	43.793	14.371
1	2021-12-13 03:24:00	36.665	33.263	40.306	14.325
1	2021-12-13 03:25:00	33.321	31.002	37.08	14.351
1	2021-12-13 03:26:00	30.416	28.537	32.854	14.412
1	2021-12-13 03:27:00	28.22	25.867	29.764	14.412
1	2021-12-13 03:28:00	27.09	26.14	28.071	14.445
1	2021-12-13 03:29:00	26.227	24.163	28.094	14.411
1	2021-12-13 03:30:00	23.753	21.681	25.22	14.438
1	2021-12-13 03:31:00	21.256	19.836	22.532	14.396
1	2021-12-13 03:32:00	18.804	17.247	20.552	14.398
1	2021-12-13 03:33:00	16.949	15.867	18.106	14.39
1	2021-12-13 03:34:00	15.803	15.098	16.476	14.365
1	2021-12-13 03:35:00	14.745	13.864	15.658	14.386
1	2021-12-13 03:36:00	13.168	12.268	14.259	14.388
1	2021-12-13 03:37:00	11.639	10.935	12.463	14.348
1	2021-12-13 03:38:00	1.0386	-26.942	11.168	14.384
1	2021-12-13 03:39:00	8.9882	8.3656	9.6164	14.379
1	2021-12-13 03:40:00	7.9705	7.5738	8.4838	14.344
1	2021-12-13 03:41:00	7.3092	7.0274	7.6068	14.366
1	2021-12-13 03:42:00	-2.3433	-30.419	7.1603	14.342
1	2021-12-13 03:43:00	6.5549	6.2174	6.8445	14.356
1	2021-12-13 03:44:00	5.9595	5.6165	6.3333	14.299
1	2021-12-13 03:45:00	5.302	4.9837	5.5937	14.379
1	2021-12-13 03:46:00	4.6948	4.3169	4.9633	14.373
1	2021-12-13 03:47:00	4.1599	3.8931	4.4475	14.341
1	2021-12-13 03:48:00	3.7411	3.4921	3.9477	14.376
1	2021-12-13 03:49:00	3.1379	2.7321	3.4717	14.375
1	2021-12-13 03:50:00	2.404	2.1232	2.6969	14.331
1	2021-12-13 03:51:00	1.9226	1.704	2.1096	14.365
1	2021-12-13 03:52:00	1.5743	1.3962	1.7631	14.347
1	2021-12-13 03:53:00	1.268	1.1212	1.4371	14.336
1	2021-12-13 03:54:00	0.98485	0.84292	1.1519	14.353
1	2021-12-13 03:55:00	0.76187	0.66003	0.87587	14.337
1	2021-12-13 03:56:00	0.58139	0.5078	0.66798	14.363
1	2021-12-13 03:57:00	0.44163	0.38625	0.50098	14.389
1	2021-12-13 03:58:00	0.33342	0.28287	0.38852	14.383
1	2021-12-13 03:59:00	0.25305	0.22152	0.29082	14.353
1	2021-12-13 04:00:00	0.20083	0.17722	0.22266	14.347
1	2021-12-13 04:01:00	0.15069	0.12951	0.17835	14.379
1	2021-12-13 04:02:00	0.10951	0.089745	0.13064	14.369
1	2021-12-13 04:03:00	0.081433	0.069297	0.096561	14.391
1	2021-12-13 04:04:00	0.061496	0.048849	0.071569	14.394
1	2021-12-13 04:05:00	0.045516	0.038625	0.053393	14.434
1	2021-12-13 04:06:00	0.03374	0.026128	0.044305	14.417
1	2021-12-13 04:07:00	0.023743	0.019312	0.029536	14.455
1	2021-12-13 04:08:00	0.017249	0.012496	0.024992	14.404
1	2021-12-13 04:09:00	0.011947	0.0090881	0.01704	14.398
1	2021-12-13 04:10:00	0.0069108	0.0034081	0.010224	14.412
1	2021-12-13 04:11:00	0.0031619	-0.0034081	0.0056801	14.4
1	2021-12-13 04:12:00	0.00047334	-0.0034081	0.0045441	14.374
1	2021-12-13 04:13:00	-0.0014768	-0.0034081	0.001136	14.315
1	2021-12-13 04:14:00	-0.002859	-0.0056801	0.002272	14.304
1	2021-12-13 04:15:00	-0.0039761	-0.0079521	0.001136	14.374
1	2021-12-13 04:16:00	-0.0046766	-0.0079521	-0.001136	14.389
1	2021-12-13 04:17:00	-9.312	-37.233	-0.0034081	14.398
1	2021-12-13 04:18:00	-0.0062102	-0.0090881	-0.001136	14.389
1	2021-12-13 04:19:00	-0.006286	-0.0090881	-0.001136	14.354
1	2021-12-13 04:20:00	-0.0068161	-0.010224	-0.002272	14.357
1	2021-12-13 04:21:00	-0.0069865	-0.0090881	0	14.346
1	2021-12-13 04:22:00	-0.0074977	-0.013632	-0.0056801	14.372
1	2021-12-13 04:23:00	-0.0080279	-0.01136	-0.002272	14.375
1	2021-12-13 04:24:00	-0.00799	-0.01136	-0.0056801	14.372
1	2021-12-13 04:25:00	-9.3139	-37.236	-0.002272	14.345
1	2021-12-13 04:26:00	-0.0079143	-0.010224	-0.0045441	14.345
1	2021-12-13 04:27:00	-9.3139	-37.234	-0.0034081	14.403
1	2021-12-13 04:28:00	-0.0081036	-0.015904	-0.0056801	14.371
1	2021-12-13 04:29:00	-0.0082551	-0.010224	-0.0068161	14.338
1	2021-12-13 04:30:00	-0.0085769	-0.013632	-0.0045441	14.377
1	2021-12-13 04:31:00	-0.0081983	-0.01136	-0.0056801	14.397
1	2021-12-13 04:32:00	-7.4529	-37.235	-0.0045441	14.352
1	2021-12-13 04:33:00	-1.8692	-37.235	-0.002272	14.345
1	2021-12-13 04:34:00	-0.0082172	-0.010224	-0.0045441	14.35
1	2021-12-13 04:35:00	-0.0088799	-0.010224	-0.0068161	14.332
1	2021-12-13 04:36:00	-0.0082361	-0.01136	-0.0034081	14.387
1	2021-12-13 04:37:00	-0.0085391	-0.01136	-0.0056801	14.329
1	2021-12-13 04:38:00	-0.0092775	-0.01704	-0.0068161	14.356
1	2021-12-13 04:39:00	-0.0078196	-0.01136	-0.0034081	14.358
1	2021-12-13 04:40:00	-0.0089556	-0.01136	-0.0068161	14.368
1	2021-12-13 04:41:00	-0.0081415	-0.0090881	-0.0068161	14.4
1	2021-12-13 04:42:00	-0.0083687	-0.01136	-0.0068161	14.449
1	2021-12-13 04:43:00	-0.0085769	-0.01136	-0.0056801	14.451
1	2021-12-13 04:44:00	-9.3142	-37.236	-0.0056801	14.463
1	2021-12-13 04:45:00	-0.0085391	-0.013632	-0.0034081	14.385
1	2021-12-13 04:46:00	-0.0087284	-0.014768	-0.0056801	14.46
1	2021-12-13 04:47:00	-0.0080279	-0.010224	-0.0045441	14.361
1	2021-12-13 04:48:00	-0.0081415	-0.010224	-0.0056801	14.346
1	2021-12-13 04:49:00	-0.0081415	-0.0090881	-0.0034081	14.285
1	2021-12-13 04:50:00	-0.0087284	-0.010224	-0.0068161	14.339
1	2021-12-13 04:51:00	-0.0092396	-0.01136	-0.0068161	14.357
1	2021-12-13 04:52:00	-0.008842	-0.01136	-0.0079521	14.385
1	2021-12-13 04:53:00	-0.0090692	-0.010224	-0.0079521	14.353
1	2021-12-13 04:54:00	-0.0085769	-0.01136	-0.0068161	14.383
1	2021-12-13 04:55:00	-0.008842	-0.01136	-0.0045441	14.364
1	2021-12-13 04:56:00	-0.0080847	-0.0090881	-0.0068161	14.353
1	2021-12-13 04:57:00	-0.0081036	-0.0090881	-0.0068161	14.388
1	2021-12-13 04:58:00	-0.0081036	-0.0090881	-0.0068161	14.389
1	2021-12-13 04:59:00	-0.0082929	-0.010224	-0.0068161	14.403
1	2021-12-13 05:00:00	-0.0086527	-0.010224	-0.0068161	14.38
1	2021-12-13 05:01:00	-0.0080279	-0.0090881	-0.0068161	14.395
1	2021-12-13 05:02:00	-9.3153	-37.235	-0.0079521	14.382
1	2021-12-13 05:03:00	-0.009126	-0.012496	-0.0068161	14.349
1	2021-12-13 05:04:00	-0.0088041	-0.01136	-0.0079521	14.371
1	2021-12-13 05:05:00	-0.0090313	-0.01136	-0.0079521	14.369
1	2021-12-13 05:06:00	-0.008274	-0.01136	-0.0056801	14.374
1	2021-12-13 05:07:00	-0.008274	-0.010224	-0.0056801	14.391
1	2021-12-13 05:08:00	-0.0081415	-0.010224	-0.0068161	14.363
1	2021-12-13 05:09:00	-0.0084255	-0.010224	-0.0068161	14.384
1	2021-12-13 05:10:00	-0.0086337	-0.010224	-0.0056801	14.358
1	2021-12-13 05:11:00	-0.0090845	-0.01136	-0.0056801	14.371
1	2021-12-13 05:12:00	-0.0088799	-0.01136	-0.0068161	14.339
1	2021-12-13 05:13:00	-0.009694	-0.012496	-0.002272	14.378
1	2021-12-13 05:14:00	-9.3152	-37.235	-0.0068161	14.367
1	2021-12-13 05:15:00	-0.0088609	-0.010224	-0.0068161	14.337
1	2021-12-13 05:16:00	-0.0078575	-0.010224	-0.0068161	14.358
1	2021-12-13 05:17:00	-0.0081604	-0.012496	-0.0068161	14.363
1	2021-12-13 05:18:00	-7.4536	-37.235	-0.0056801	14.348
1	2021-12-13 05:19:00	-1.8693	-37.234	-0.0056801	14.385
1	2021-12-13 05:20:00	-0.0082551	-0.010224	-0.0068161	14.408
1	2021-12-13 05:21:00	-0.0079143	-0.010224	-0.0068161	14.347
1	2021-12-13 05:22:00	-0.0080468	-0.0090881	-0.0068161	14.409
1	2021-12-13 05:23:00	-0.0076492	-0.010224	-0.002272	14.427
1	2021-12-13 05:24:00	-0.0078385	-0.01136	-0.0056801	14.403
1	2021-12-13 05:25:00	-9.3144	-37.239	-0.002272	14.374
1	2021-12-13 05:26:00	-0.00799	-0.01136	-0.0045441	14.347
1	2021-12-13 05:27:00	-0.0081793	-0.01136	-0.0034081	14.412
1	2021-12-13 05:28:00	-0.0083876	-0.019312	0	14.386
1	2021-12-13 05:29:00	-0.0084255	-0.014768	-0.0068161	14.362
1	2021-12-13 05:30:00	-0.0080089	-0.013632	-0.0034081	14.375
1	2021-12-13 05:31:00	-0.0081415	-0.014768	-0.001136	14.384
1	2021-12-13 05:32:00	-0.0080089	-0.01136	-0.002272	14.383
1	2021-12-13 05:33:00	-0.0081793	-0.012496	-0.0045441	14.389
1	2021-12-13 05:34:00	-0.0075356	-0.01136	0.0068161	14.384
1	2021-12-13 05:35:00	-0.0076681	-0.01136	-0.0045441	14.315
1	2021-12-13 05:36:00	-0.0075356	-0.010224	-0.0034081	14.384
1	2021-12-13 05:37:00	-0.0084444	-0.012496	-0.002272	14.362
1	2021-12-13 05:38:00	-0.0081415	-0.01136	-0.0034081	14.379
1	2021-12-13 05:39:00	-0.0087473	-0.01136	-0.0034081	14.379
1	2021-12-13 05:40:00	-0.0079711	-0.01136	-0.0045441	14.389
1	2021-12-13 05:41:00	-0.0079521	-0.010224	-0.0056801	14.369
1	2021-12-13 05:42:00	-0.0078575	-0.01136	0	14.349
1	2021-12-13 05:43:00	-0.0083497	-0.012496	-0.0045441	14.381
1	2021-12-13 05:44:00	-0.0091071	-0.012496	-0.0056801	14.387
1	2021-12-13 05:45:00	-0.0085769	-0.01136	-0.0045441	14.395
1	2021-12-13 05:46:00	-0.0086148	-0.010224	-0.0068161	14.363
1	2021-12-13 05:47:00	-0.0090692	-0.012496	-0.0056801	14.414
1	2021-12-13 05:48:00	-0.0089367	-0.013632	-0.001136	14.433
1	2021-12-13 05:49:00	-0.0088799	-0.01136	-0.0068161	14.402
1	2021-12-13 05:50:00	-0.0086527	-0.012496	-0.0045441	14.451
1	2021-12-13 05:51:00	-0.0080279	-0.010224	-0.0056801	14.453
1	2021-12-13 05:52:00	-0.0084823	-0.013632	-0.0045441	14.365
1	2021-12-13 05:53:00	-0.0080279	-0.013632	-0.0056801	14.339
1	2021-12-13 05:54:00	-0.0084823	-0.012496	-0.001136	14.366
1	2021-12-13 05:55:00	-0.0088799	-0.013632	-0.0056801	14.377
1	2021-12-13 05:56:00	-0.0082361	-0.01136	-0.0045441	14.427
1	2021-12-13 05:57:00	-0.0078764	-0.01136	-0.002272	14.453
1	2021-12-13 05:58:00	-0.0078764	-0.012496	0.002272	14.457
1	2021-12-13 05:59:00	-0.0077438	-0.01136	0.002272	14.43
1	2021-12-13 06:00:00	-0.0083497	-0.014768	-0.0056801	14.462
1	2021-12-13 06:01:00	-0.0078575	-0.015904	0.001136	14.422
1	2021-12-13 06:02:00	-0.0073841	-0.010224	0.0034081	14.443
1	2021-12-13 06:03:00	-7.4528	-37.235	-0.001136	14.415
1	2021-12-13 06:04:00	-1.8687	-37.234	0.0034081	14.353
1	2021-12-13 06:05:00	-0.007706	-0.012496	-0.0034081	14.326
1	2021-12-13 06:06:00	-0.0082929	-0.01136	-0.0034081	14.381
1	2021-12-13 06:07:00	-0.0077628	-0.010224	-0.002272	14.365
1	2021-12-13 06:08:00	-0.0081793	-0.018176	-0.002272	14.369
1	2021-12-13 06:09:00	-9.3142	-37.239	-0.0045441	14.405
1	2021-12-13 06:10:00	-0.0085391	-0.014768	-0.002272	14.328
1	2021-12-13 06:11:00	-0.0079332	-0.012496	0.002272	14.397
1	2021-12-13 06:12:00	-0.0080847	-0.01136	-0.002272	14.372
1	2021-12-13 06:13:00	-0.0078385	-0.01136	-0.001136	14.367
1	2021-12-13 06:14:00	-0.0078953	-0.01136	-0.0034081	14.369
1	2021-12-13 06:15:00	-0.0087284	-0.012496	-0.0045441	14.4
1	2021-12-13 06:16:00	-0.008274	-0.013632	-0.002272	14.406
1	2021-12-13 06:17:00	-0.0081415	-0.01136	-0.002272	14.351
1	2021-12-13 06:18:00	-9.3138	-37.235	0	14.409
1	2021-12-13 06:19:00	-0.0077817	-0.010224	-0.001136	14.366
1	2021-12-13 06:20:00	-0.0081793	-0.01136	-0.0045441	14.395
1	2021-12-13 06:21:00	-7.4527	-37.236	-0.0045441	14.357
1	2021-12-13 06:22:00	-1.8694	-37.235	-0.0034081	14.371
1	2021-12-13 06:23:00	-0.0080657	-0.01136	-0.0045441	14.374
1	2021-12-13 06:24:00	-0.0078006	-0.01136	-0.0045441	14.362
1	2021-12-13 06:25:00	-0.0083687	-0.014768	-0.001136	14.286
1	2021-12-13 06:26:00	-0.007706	-0.01136	-0.0045441	14.346
1	2021-12-13 06:27:00	-0.0080847	-0.021584	-0.002272	14.353
1	2021-12-13 06:28:00	-0.0077817	-0.01136	0.0034081	14.378
1	2021-12-13 06:29:00	-0.0071948	-0.01136	0.002272	14.393
1	2021-12-13 06:30:00	-9.3137	-37.237	0.0068161	14.374
1	2021-12-13 06:31:00	-9.3135	-37.234	-0.001136	14.363
1	2021-12-13 06:32:00	-0.0076681	-0.010224	-0.0056801	14.422
1	2021-12-13 06:33:00	-0.0082551	-0.010224	-0.001136	14.422
1	2021-12-13 06:34:00	-0.0081983	-0.013632	-0.0034081	14.409
1	2021-12-13 06:35:00	-0.007422	-0.012496	-0.0034081	14.405
1	2021-12-13 06:36:00	-0.0075924	-0.012496	-0.0056801	14.485
1	2021-12-13 06:37:00	-0.0071758	-0.0090881	-0.0045441	14.426
1	2021-12-13 06:38:00	-0.0079521	-0.012496	-0.001136	14.435
1	2021-12-13 06:39:00	-0.007706	-0.01136	0.001136	14.38
1	2021-12-13 06:40:00	-0.0079332	-0.012496	-0.0045441	14.36
1	2021-12-13 06:41:00	-0.0079332	-0.010224	-0.0034081	14.373
1	2021-12-13 06:42:00	-0.0076681	-0.01136	-0.0045441	14.43
1	2021-12-13 06:43:00	-0.0074788	-0.010224	-0.0034081	14.454
1	2021-12-13 06:44:00	-0.0077628	-0.012496	-0.0045441	14.439
1	2021-12-13 06:45:00	-0.0073841	-0.010224	-0.0045441	14.399
1	2021-12-13 06:46:00	-0.0075734	-0.010224	-0.0045441	14.365
1	2021-12-13 06:47:00	-0.0077438	-0.010224	-0.0045441	14.371
1	2021-12-13 06:48:00	-0.0077628	-0.010224	-0.0056801	14.402
1	2021-12-13 06:49:00	-0.0077438	-0.0090881	-0.0045441	14.38
1	2021-12-13 06:50:00	-0.0076113	-0.01136	-0.0045441	14.415
1	2021-12-13 06:51:00	-9.3139	-37.237	-0.0056801	14.43
1	2021-12-13 06:52:00	-0.0080279	-0.01136	-0.0056801	14.36
1	2021-12-13 06:53:00	-0.0074788	-0.010224	-0.0034081	14.368
1	2021-12-13 06:54:00	-0.0071758	-0.0090881	-0.0045441	14.397
1	2021-12-13 06:55:00	-0.0077817	-0.01136	-0.0034081	14.403
1	2021-12-13 06:56:00	-0.0074977	-0.014768	0	14.405
1	2021-12-13 06:57:00	-0.0080278	-0.013632	-0.0034081	14.354
1	2021-12-13 06:58:00	-0.0078006	-0.010224	-0.0045441	14.367
1	2021-12-13 06:59:00	-7.4528	-37.234	-0.0056801	14.348
1	2021-12-13 07:00:00	-1.8692	-37.234	-0.0056801	14.336
1	2021-12-13 07:01:00	-0.0085354	-0.018176	-0.0045441	14.323
1	2021-12-13 07:02:00	-0.007138	-0.0090881	-0.001136	14.34
1	2021-12-13 07:03:00	-0.0075545	-0.010224	-0.0056801	14.402
1	2021-12-13 07:04:00	-0.007687	-0.012496	-0.0045441	14.418
1	2021-12-13 07:05:00	-0.0080089	-0.012496	-0.0034081	14.383
1	2021-12-13 07:06:00	-0.0079711	-0.013632	-0.002272	14.382
1	2021-12-13 07:07:00	-0.0073462	-0.010224	-0.0045441	14.333
1	2021-12-13 07:08:00	-0.0082361	-0.01136	-0.001136	14.355
1	2021-12-13 07:09:00	-0.0083308	-0.014768	-0.0045441	14.451
1	2021-12-13 07:10:00	-0.0080279	-0.012496	0.0056801	14.472
1	2021-12-13 07:11:00	-7.4529	-37.236	0	14.47
1	2021-12-13 07:12:00	-1.8693	-37.235	-0.0034081	14.454
1	2021-12-13 07:13:00	-0.0078196	-0.012496	-0.0045441	14.471
1	2021-12-13 07:14:00	-0.0069865	-0.010224	-0.0034081	14.423
1	2021-12-13 07:15:00	-0.0072326	-0.0090881	-0.0045441	14.452
1	2021-12-13 07:16:00	-0.0069865	-0.0090881	-0.001136	14.468
1	2021-12-13 07:17:00	-0.0067404	-0.013632	-0.0045441	14.373
1	2021-12-13 07:18:00	-0.0070433	-0.010224	-0.002272	14.395
1	2021-12-13 07:19:00	-0.0067593	-0.010224	0.0056801	14.399
1	2021-12-13 07:20:00	-0.0073841	-0.010224	-0.001136	14.369
1	2021-12-13 07:21:00	-0.0073652	-0.010224	-0.0034081	14.352
1	2021-12-13 07:22:00	-0.0071001	-0.010224	-0.0034081	14.394
1	2021-12-13 07:23:00	-0.007138	-0.01136	-0.001136	14.384
1	2021-12-13 07:24:00	-0.0075356	-0.01136	-0.002272	14.349
1	2021-12-13 07:25:00	-0.0074409	-0.010224	-0.0034081	14.398
1	2021-12-13 07:26:00	-0.0073462	-0.01136	-0.002272	14.344
1	2021-12-13 07:27:00	-0.0070622	-0.010224	-0.002272	14.348
1	2021-12-13 07:28:00	-0.007687	-0.01136	-0.001136	14.364
1	2021-12-13 07:29:00	-0.0076113	-0.010224	-0.0045441	14.404
1	2021-12-13 07:30:00	-0.0073841	-0.010224	-0.0056801	14.387
1	2021-12-13 07:31:00	-0.0081793	-0.01136	-0.0056801	14.363
1	2021-12-13 07:32:00	-0.0078953	-0.01136	-0.0056801	14.4
1	2021-12-13 07:33:00	-0.0078575	-0.010224	-0.0056801	14.315
1	2021-12-13 07:34:00	-0.0071569	-0.01136	0.001136	14.341
1	2021-12-13 07:35:00	-0.0080468	-0.010224	-0.0056801	14.364
1	2021-12-13 07:36:00	-0.0075166	-0.01704	0	14.33
1	2021-12-13 07:37:00	-0.0075734	-0.013632	0	14.359
1	2021-12-13 07:38:00	-0.0086148	-0.01704	0	14.374
1	2021-12-13 07:39:00	-0.0082929	-0.023856	-0.001136	14.405
1	2021-12-13 07:40:00	-0.008842	-0.01704	-0.0034081	14.397
1	2021-12-13 07:41:00	-0.0079332	-0.01136	-0.001136	14.399
1	2021-12-13 07:42:00	-0.0076681	-0.010224	-0.0045441	14.383
1	2021-12-13 07:43:00	-0.007687	-0.012496	-0.002272	14.433
1	2021-12-13 07:44:00	-0.0077249	-0.012496	-0.002272	14.416
1	2021-12-13 07:45:00	-0.007706	-0.0090881	-0.0045441	14.395
1	2021-12-13 07:46:00	-0.0081604	-0.013632	-0.0056801	14.385
1	2021-12-13 07:47:00	-9.314	-37.233	-0.0034081	14.371
1	2021-12-13 07:48:00	-0.0078196	-0.012496	-0.0045441	14.356
1	2021-12-13 07:49:00	-9.3142	-37.234	-0.0056801	14.458
1	2021-12-13 07:50:00	-0.0076492	-0.015904	-0.0045441	14.468
1	2021-12-13 07:51:00	-0.0081225	-0.01136	-0.0034081	14.405
1	2021-12-13 07:52:00	-0.0075924	-0.012496	-0.001136	14.412
1	2021-12-13 07:53:00	-0.0077628	-0.012496	-0.0034081	14.483
1	2021-12-13 07:54:00	-0.007706	-0.01136	-0.0034081	14.465
1	2021-12-13 07:55:00	-0.0077438	-0.01136	-0.002272	14.375
1	2021-12-13 07:56:00	-0.0088041	-0.014768	-0.0056801	14.38
1	2021-12-13 07:57:00	-7.4529	-37.236	-0.0045441	14.373
1	2021-12-13 07:58:00	-1.8688	-37.232	0.0045441	14.375
1	2021-12-13 07:59:00	-0.0077249	-0.010224	-0.001136	14.426
1	2021-12-13 08:00:00	-0.0081604	-0.018176	-0.0045441	14.417
1	2021-12-13 08:01:00	-0.007687	-0.013632	-0.0034081	14.4
1	2021-12-13 08:02:00	-0.0081415	-0.012496	-0.0045441	14.384
1	2021-12-13 08:03:00	-7.4533	-37.24	-0.0045441	14.385
1	2021-12-13 08:04:00	-1.8693	-37.232	-0.0034081	14.395
1	2021-12-13 08:05:00	-0.0080657	-0.010224	-0.0034081	14.301
1	2021-12-13 08:06:00	-0.0081036	-0.015904	0	14.373
1	2021-12-13 08:07:00	-0.0084065	-0.012496	-0.0056801	14.36
1	2021-12-13 08:08:00	-0.0080657	-0.01136	-0.001136	14.327
1	2021-12-13 08:09:00	-0.0075356	-0.012496	-0.0034081	14.372
1	2021-12-13 08:10:00	-0.0074788	-0.014768	0	14.338
1	2021-12-13 08:11:00	-0.0073273	-0.01704	-0.0034081	14.38
1	2021-12-13 08:12:00	-0.0089935	-0.013632	-0.0056801	14.371
1	2021-12-13 08:13:00	-0.0078385	-0.010224	-0.0056801	14.402
1	2021-12-13 08:14:00	-0.0077438	-0.010224	0	14.374
1	2021-12-13 08:15:00	-0.007706	-0.01136	-0.0034081	14.392
1	2021-12-13 08:16:00	-0.0078953	-0.014768	-0.0034081	14.379
1	2021-12-13 08:17:00	-0.0076113	-0.010224	0.001136	14.333
1	2021-12-13 08:18:00	-9.3137	-37.235	-0.0034081	14.4
1	2021-12-13 08:19:00	-0.0081036	-0.014768	-0.0045441	14.369
1	2021-12-13 08:20:00	-0.0078764	-0.012496	-0.0056801	14.4
1	2021-12-13 08:21:00	-0.0084823	-0.01136	-0.0045441	14.396
1	2021-12-13 08:22:00	-0.0080279	-0.012496	-0.002272	14.41
1	2021-12-13 08:23:00	-0.0086527	-0.014768	-0.0034081	14.363
1	2021-12-13 08:24:00	-0.0084823	-0.012496	-0.0045441	14.364
1	2021-12-13 08:25:00	-0.0078385	-0.01136	-0.001136	14.405
1	2021-12-13 08:26:00	-0.0083497	-0.013632	0	14.442
1	2021-12-13 08:27:00	-0.008274	-0.01136	-0.002272	14.441
1	2021-12-13 08:28:00	-9.3137	-37.237	-0.0034081	14.437
1	2021-12-13 08:29:00	-0.0085012	-0.013632	-0.0056801	14.411
1	2021-12-13 08:30:00	-0.007706	-0.012496	-0.002272	14.442
1	2021-12-13 08:31:00	-0.0080657	-0.010224	-0.001136	14.441
1	2021-12-13 08:32:00	-9.3147	-37.235	-0.0068161	14.395
1	2021-12-13 08:33:00	-0.0081983	-0.01136	-0.0056801	14.447
1	2021-12-13 08:34:00	-0.008274	-0.012496	0	14.424
1	2021-12-13 08:35:00	-0.0093343	-0.013632	-0.0056801	14.308
1	2021-12-13 08:36:00	-0.0091639	-0.012496	-0.0045441	14.358
1	2021-12-13 08:37:00	-0.0086527	-0.01136	-0.0045441	14.327
1	2021-12-13 08:38:00	-0.0074788	-0.01136	0.002272	14.365
1	2021-12-13 08:39:00	-0.0080657	-0.01136	-0.0056801	14.41
1	2021-12-13 08:40:00	-7.4529	-37.235	0	14.366
1	2021-12-13 08:41:00	-1.8693	-37.233	-0.0045441	14.43
1	2021-12-13 08:42:00	-0.0080657	-0.01136	-0.0045441	14.436
1	2021-12-13 08:43:00	-0.007422	-0.021584	0.0068161	14.41
1	2021-12-13 08:44:00	-0.0073084	-0.012496	-0.002272	14.474
1	2021-12-13 08:45:00	-0.0078764	-0.019312	-0.001136	14.432
1	2021-12-13 08:46:00	-0.0074598	-0.012496	0.0056801	14.401
1	2021-12-13 08:47:00	-0.0069676	-0.01136	0	14.417
1	2021-12-13 08:48:00	-0.0070244	-0.01136	-0.002272	14.368
1	2021-12-13 08:49:00	-0.0067593	-0.012496	-0.0034081	14.4
1	2021-12-13 08:50:00	-0.0067782	-0.01136	-0.002272	14.375
1	2021-12-13 08:51:00	-0.0074788	-0.012496	-0.0034081	14.375
1	2021-12-13 08:52:00	-0.0071001	-0.010224	-0.0034081	14.402
1	2021-12-13 08:53:00	-0.0059452	-0.012496	0.001136	14.395
1	2021-12-13 08:54:00	-0.0058126	-0.010224	0.0056801	14.404
1	2021-12-13 08:55:00	-0.0063049	-0.015904	0	14.369
1	2021-12-13 08:56:00	-0.0065889	-0.013632	0.002272	14.369
1	2021-12-13 08:57:00	-0.0059262	-0.010224	0.001136	14.401
1	2021-12-13 08:58:00	-9.3126	-37.235	-0.002272	14.414
1	2021-12-13 08:59:00	-0.0072705	-0.01136	-0.002272	14.419
1	2021-12-13 09:00:00	-0.0063049	-0.010224	0	14.452
1	2021-12-13 09:01:00	-0.0070812	-0.012496	-0.0034081	14.374
1	2021-12-13 09:02:00	-0.0068918	-0.013632	0	14.395
1	2021-12-13 09:03:00	-7.452	-37.234	-0.0034081	14.467
1	2021-12-13 09:04:00	-11.174	-37.233	-0.0045441	14.421
1	2021-12-13 09:05:00	-0.0071569	-0.012496	-0.0045441	14.489
1	2021-12-13 09:06:00	-0.0072516	-0.012496	-0.0045441	14.441
1	2021-12-13 09:07:00	-0.0067782	-0.0090881	-0.0045441	14.466
1	2021-12-13 09:08:00	-0.0070812	-0.010224	-0.0034081	14.434
1	2021-12-13 09:09:00	-0.0072705	-0.012496	-0.0034081	14.423
1	2021-12-13 09:10:00	-0.0075356	-0.012496	-0.0045441	14.436
1	2021-12-13 09:11:00	0.63253	-0.010224	37.225	14.358
1	2021-12-13 09:12:00	-9.3133	-37.234	0	14.4
1	2021-12-13 09:13:00	-0.0087284	-0.01704	-0.0056801	14.356
1	2021-12-13 09:14:00	-0.0075166	-0.010224	-0.0045441	14.388
1	2021-12-13 09:15:00	-0.0082551	-0.015904	0	14.397
1	2021-12-13 09:16:00	-0.0082361	-0.01136	-0.0034081	14.357
1	2021-12-13 09:17:00	-0.0082172	-0.010224	-0.0034081	14.396
1	2021-12-13 09:18:00	-0.0086716	-0.012496	-0.0045441	14.442
1	2021-12-13 09:19:00	-9.3145	-37.234	-0.0056801	14.405
1	2021-12-13 09:20:00	-0.008274	-0.01136	-0.0045441	14.382
1	2021-12-13 09:21:00	-0.0084065	-0.013632	-0.0056801	14.384
1	2021-12-13 09:22:00	-0.0087284	-0.012496	-0.0045441	14.416
1	2021-12-13 09:23:00	-7.4532	-37.235	-0.0045441	14.413
1	2021-12-13 09:24:00	-1.8698	-37.236	-0.0056801	14.436
1	2021-12-13 09:25:00	-0.008842	-0.013632	-0.0045441	14.433
1	2021-12-13 09:26:00	-0.0083687	-0.015904	-0.0056801	14.386
1	2021-12-13 09:27:00	-0.0083876	-0.01136	-0.0045441	14.392
1	2021-12-13 09:28:00	-0.0086337	-0.01136	-0.0045441	14.393
1	2021-12-13 09:29:00	-0.0089556	-0.010224	-0.0034081	14.396
1	2021-12-13 09:30:00	-0.009126	-0.013632	-0.0056801	14.379
1	2021-12-13 09:31:00	-0.0091071	-0.01136	-0.0056801	14.407
1	2021-12-13 09:32:00	-0.0084444	-0.010224	-0.002272	14.395
1	2021-12-13 09:33:00	-0.0081983	-0.012496	-0.0045441	14.381
1	2021-12-13 09:34:00	-0.0087473	-0.012496	-0.0068161	14.417
1	2021-12-13 09:35:00	-7.4543	-37.242	-0.0056801	14.41
1	2021-12-13 09:36:00	-1.8698	-37.24	-0.001136	14.416
1	2021-12-13 09:37:00	-0.008558	-0.012496	-0.002272	14.379
1	2021-12-13 09:38:00	-0.0082929	-0.018176	0.0045441	14.403
1	2021-12-13 09:39:00	-0.008558	-0.014768	-0.001136	14.412
1	2021-12-13 09:40:00	-0.0081415	-0.015904	0.0045441	14.471
1	2021-12-13 09:41:00	-0.0086527	-0.013632	-0.0034081	14.426
1	2021-12-13 09:42:00	-0.0081604	-0.01704	0.001136	14.408
1	2021-12-13 09:43:00	-0.0084255	-0.01704	-0.0034081	14.394
1	2021-12-13 09:44:00	-0.0087852	-0.014768	0.0056801	14.444
1	2021-12-13 09:45:00	-0.0091828	-0.019312	-0.001136	14.416
1	2021-12-13 09:46:00	-0.0087473	-0.01704	-0.0034081	14.468
1	2021-12-13 09:47:00	-0.0088609	-0.014768	-0.002272	14.434
1	2021-12-13 09:48:00	-0.0082172	-0.013632	-0.001136	14.451
1	2021-12-13 09:49:00	-0.0081983	-0.014768	0.0056801	14.407
1	2021-12-13 09:50:00	-0.0086148	-0.014768	0.002272	14.421
1	2021-12-13 09:51:00	-0.0087095	-0.014768	-0.002272	14.42
1	2021-12-13 09:52:00	-0.0083687	-0.015904	0.001136	14.426
1	2021-12-13 09:53:00	-0.0086716	-0.020448	-0.002272	14.452
1	2021-12-13 09:54:00	-0.0086716	-0.014768	-0.001136	14.426
1	2021-12-13 09:55:00	-7.4537	-37.235	-0.0045441	14.366
1	2021-12-13 09:56:00	-1.8702	-37.236	-0.0034081	14.409
1	2021-12-13 09:57:00	-0.0085201	-0.014768	-0.0034081	14.385
1	2021-12-13 09:58:00	-0.0090881	-0.013632	-0.0056801	14.426
1	2021-12-13 09:59:00	-0.0090692	-0.014768	-0.0045441	14.404
1	2021-12-13 10:00:00	-0.0087852	-0.013632	-0.0056801	14.41
1	2021-12-13 10:01:00	-0.0095804	-0.013632	-0.0056801	14.408
1	2021-12-13 10:02:00	-0.008558	-0.020448	-0.0034081	14.383
1	2021-12-13 10:03:00	-0.0081036	-0.013632	0	14.344
1	2021-12-13 10:04:00	-0.0097319	-0.01704	-0.002272	14.398
1	2021-12-13 10:05:00	-0.0090881	-0.01704	0.001136	14.391
1	2021-12-13 10:06:00	-0.0082172	-0.012496	-0.0034081	14.371
1	2021-12-13 10:07:00	-9.3139	-37.234	-0.001136	14.409
1	2021-12-13 10:08:00	-9.3144	-37.236	0.001136	14.4
1	2021-12-13 10:09:00	-0.0088041	-0.020448	-0.0034081	14.416
1	2021-12-13 10:10:00	-7.453	-37.235	-0.002272	14.377
1	2021-12-13 10:11:00	-1.8701	-37.235	-0.001136	14.428
1	2021-12-13 10:12:00	-0.0092585	-0.015904	-0.0034081	14.414
1	2021-12-13 10:13:00	-0.0082929	-0.013632	-0.0045441	14.371
1	2021-12-13 10:14:00	-0.0081225	-0.013632	0.002272	14.376
1	2021-12-13 10:15:00	-0.0076113	-0.014768	0	14.344
1	2021-12-13 10:16:00	-0.0095993	-0.01704	0	14.334
1	2021-12-13 10:17:00	-0.0087284	-0.013632	-0.0034081	14.384
1	2021-12-13 10:18:00	-0.0086905	-0.01704	0.0034081	14.456
1	2021-12-13 10:19:00	-0.0094668	-0.014768	-0.0045441	14.465
1	2021-12-13 10:20:00	-0.0099212	-0.019312	0.0045441	14.477
1	2021-12-13 10:21:00	-0.010092	-0.018176	-0.002272	14.467
1	2021-12-13 10:22:00	-0.0086716	-0.01704	0.0034081	14.437
1	2021-12-13 10:23:00	-0.0084444	-0.023856	0.002272	14.421
1	2021-12-13 10:24:00	-0.0085959	-0.014768	-0.0034081	14.391
1	2021-12-13 10:25:00	-0.0085012	-0.015904	0.001136	14.432
1	2021-12-13 10:26:00	-0.0087473	-0.014768	0.001136	14.444
1	2021-12-13 10:27:00	-0.0093153	-0.015904	-0.0034081	14.406
1	2021-12-13 10:28:00	-0.0087284	-0.013632	0.0068161	14.348
1	2021-12-13 10:29:00	-0.009126	-0.01704	0.001136	14.354
1	2021-12-13 10:30:00	-0.0073273	-0.013632	0.013632	14.409
1	2021-12-13 10:31:00	-0.0094857	-0.021584	-0.0045441	14.377
1	2021-12-13 10:32:00	-9.3148	-37.24	-0.0034081	14.434
1	2021-12-13 10:33:00	-0.0085959	-0.015904	0	14.348
1	2021-12-13 10:34:00	-0.0090313	-0.013632	0	14.416
1	2021-12-13 10:35:00	-0.0086337	-0.028431	0.002272	14.376
1	2021-12-13 10:36:00	-0.0091639	-0.014768	0.001136	14.42
1	2021-12-13 10:37:00	-0.0083497	-0.020448	0.0034081	14.405
1	2021-12-13 10:38:00	-0.0087095	-0.013632	-0.002272	14.419
1	2021-12-13 10:39:00	-0.0080279	-0.018176	0.001136	14.395
1	2021-12-13 10:40:00	-0.0088609	-0.014768	-0.0034081	14.409
1	2021-12-13 10:41:00	-0.0084633	-0.014768	-0.002272	14.409
1	2021-12-13 10:42:00	-0.0092964	-0.019312	-0.0034081	14.39
1	2021-12-13 10:43:00	-0.0085012	-0.015904	0.0079521	14.416
1	2021-12-13 10:44:00	-0.0087284	-0.01704	0.0034081	14.408
1	2021-12-13 10:45:00	-7.4539	-37.241	-0.001136	14.437
1	2021-12-13 10:46:00	-1.8701	-37.239	-0.002272	14.402
1	2021-12-13 10:47:00	-0.0080468	-0.014768	-0.002272	14.392
1	2021-12-13 10:48:00	-0.0080468	-0.012496	-0.0034081	14.346
1	2021-12-13 10:49:00	-0.0084065	-0.014768	-0.002272	14.355
1	2021-12-13 10:50:00	-9.3156	-37.236	-0.0045441	14.376
1	2021-12-13 10:51:00	-0.0091639	-0.013632	-0.002272	14.426
1	2021-12-13 10:52:00	-0.0081604	-0.015904	0	14.445
1	2021-12-13 10:53:00	-0.0085959	-0.014768	0	14.416
1	2021-12-13 10:54:00	-0.0089935	-0.01704	-0.001136	14.415
1	2021-12-13 10:55:00	-0.0086148	-0.015904	-0.001136	14.467
1	2021-12-13 10:56:00	-0.0090124	-0.01704	0.0045441	14.421
1	2021-12-13 10:57:00	-0.0081793	-0.014768	0.002272	14.411
1	2021-12-13 10:58:00	-0.008558	-0.014768	-0.001136	14.44
1	2021-12-13 10:59:00	-0.0085769	-0.019312	0.0034081	14.448
1	2021-12-13 11:00:00	-0.0085769	-0.012496	-0.0034081	14.447
1	2021-12-13 11:01:00	-0.0085769	-0.014768	-0.001136	14.428
1	2021-12-13 11:02:00	-0.0082929	-0.012496	0.001136	14.352
1	2021-12-13 11:03:00	-0.0085354	-0.013632	0.0034081	14.372
1	2021-12-13 11:04:00	-0.0082551	-0.013632	0	14.401
1	2021-12-13 11:05:00	-0.0084823	-0.013632	-0.0045441	14.411
1	2021-12-13 11:06:00	-0.0084823	-0.01136	-0.0034081	14.367
1	2021-12-13 11:07:00	-0.0082172	-0.012496	-0.0045441	14.378
1	2021-12-13 11:08:00	-0.0080089	-0.015904	0	14.362
1	2021-12-13 11:09:00	-0.0092207	-0.014768	-0.0045441	14.407
1	2021-12-13 11:10:00	-0.0077438	-0.010224	-0.001136	14.352
1	2021-12-13 11:11:00	-0.0090692	-0.013632	-0.0034081	14.394
1	2021-12-13 11:12:00	-0.0085201	-0.020448	-0.0034081	14.365
1	2021-12-13 11:13:00	-0.0086905	-0.013632	-0.0034081	14.403
1	2021-12-13 11:14:00	-0.008274	-0.012496	-0.0034081	14.367
1	2021-12-13 11:15:00	-0.0081793	-0.013632	0.002272	14.352
1	2021-12-13 11:16:00	-0.0083308	-0.014768	0	14.398
1	2021-12-13 11:17:00	-0.0085201	-0.013632	-0.002272	14.364
1	2021-12-13 11:18:00	-0.0090313	-0.013632	0.001136	14.367
1	2021-12-13 11:19:00	-0.0084823	-0.013632	0.0068161	14.374
1	2021-12-13 11:20:00	-0.0089177	-0.01704	0.0034081	14.359
1	2021-12-13 11:21:00	-0.0085012	-0.012496	-0.0034081	14.377
1	2021-12-13 11:22:00	-0.008842	-0.015904	-0.002272	14.389
1	2021-12-13 11:23:00	-0.0086337	-0.013632	-0.001136	14.34
1	2021-12-13 11:24:00	-0.0084823	-0.015904	-0.002272	14.319
1	2021-12-13 11:25:00	-0.008274	-0.010224	-0.0045441	14.382
1	2021-12-13 11:26:00	-0.0086337	-0.012496	-0.002272	14.349
1	2021-12-13 11:27:00	-0.0086527	-0.012496	-0.0034081	14.379
1	2021-12-13 11:28:00	-0.0084065	-0.014768	-0.002272	14.376
1	2021-12-13 11:29:00	-0.0083308	-0.01704	0.002272	14.376
1	2021-12-13 11:30:00	-0.0084633	-0.012496	-0.001136	14.394
1	2021-12-13 11:31:00	-0.0080279	-0.012496	0.0045441	14.366
1	2021-12-13 11:32:00	-0.0081793	-0.013632	-0.001136	14.45
1	2021-12-13 11:33:00	-0.0085769	-0.013632	0.001136	14.452
1	2021-12-13 11:34:00	-0.0087284	-0.014768	-0.0045441	14.443
1	2021-12-13 11:35:00	-0.0089177	-0.012496	-0.001136	14.409
1	2021-12-13 11:36:00	-0.0082361	-0.012496	-0.001136	14.399
1	2021-12-13 11:37:00	-0.0084255	-0.014768	0.0068161	14.416
1	2021-12-13 11:38:00	-0.0084255	-0.018176	0.0079521	14.414
1	2021-12-13 11:39:00	-0.0084065	-0.015904	-0.0034081	14.417
1	2021-12-13 11:40:00	-0.0087473	-0.014768	-0.001136	14.4
1	2021-12-13 11:41:00	-0.008558	-0.013632	-0.0034081	14.312
1	2021-12-13 11:42:00	-0.0087663	-0.019312	-0.0045441	14.377
1	2021-12-13 11:43:00	-0.0080657	-0.012496	0.002272	14.345
1	2021-12-13 11:44:00	-0.0086905	-0.014768	-0.0045441	14.34
1	2021-12-13 11:45:00	-0.008558	-0.013632	-0.0045441	14.407
1	2021-12-13 11:46:00	-0.0083497	-0.012496	-0.0045441	14.402
1	2021-12-13 11:47:00	-0.0092585	-0.015904	-0.0045441	14.385
1	2021-12-13 11:48:00	-0.0085769	-0.015904	-0.002272	14.367
1	2021-12-13 11:49:00	-0.0094289	-0.014768	-0.0056801	14.405
1	2021-12-13 11:50:00	-0.0090881	-0.020448	-0.0034081	14.358
1	2021-12-13 11:51:00	-0.0090692	-0.015904	-0.002272	14.342
1	2021-12-13 11:52:00	-0.0087473	-0.020448	0	14.387
1	2021-12-13 11:53:00	-0.0092396	-0.015904	0	14.389
1	2021-12-13 11:54:00	-0.0089709	-0.018176	-0.0045441	14.33
1	2021-12-13 11:55:00	-0.0089556	-0.013632	-0.0056801	14.342
1	2021-12-13 11:56:00	-0.008274	-0.015904	0.0034081	14.306
1	2021-12-13 11:57:00	-0.0090881	-0.015904	-0.0034081	14.33
1	2021-12-13 11:58:00	-0.0084444	-0.013632	0	14.341
1	2021-12-13 11:59:00	-0.0082172	-0.012496	-0.0045441	14.333
1	2021-12-13 12:00:00	-0.0086905	-0.012496	-0.0045441	14.387
1	2021-12-13 12:01:00	-0.0085769	-0.014768	-0.0045441	14.349
1	2021-12-13 12:02:00	-0.0082551	-0.014768	0.0034081	14.344
1	2021-12-13 12:03:00	-0.0089556	-0.012496	-0.0056801	14.359
1	2021-12-13 12:04:00	-0.008842	-0.014768	-0.001136	14.35
1	2021-12-13 12:05:00	-0.0089177	-0.014768	-0.0056801	14.307
1	2021-12-13 12:06:00	-0.0084444	-0.014768	-0.001136	14.39
1	2021-12-13 12:07:00	-0.0084065	-0.01704	-0.001136	14.337
1	2021-12-13 12:08:00	-0.0088988	-0.019312	-0.002272	14.387
1	2021-12-13 12:09:00	-0.0085769	-0.014768	-0.0034081	14.42
1	2021-12-13 12:10:00	-0.0085012	-0.014768	0	14.449
1	2021-12-13 12:11:00	-0.0090503	-0.015904	-0.0034081	14.421
1	2021-12-13 12:12:00	-0.0087095	-0.018176	-0.001136	14.424
1	2021-12-13 12:13:00	-0.0083119	-0.012496	0.001136	14.472
1	2021-12-13 12:14:00	-0.0086716	-0.013632	0.002272	14.411
1	2021-12-13 12:15:00	-0.0090313	-0.020448	-0.002272	14.388
1	2021-12-13 12:16:00	-0.0085959	-0.014768	-0.0034081	14.373
1	2021-12-13 12:17:00	-0.0085012	-0.01136	-0.0045441	14.384
1	2021-12-13 12:18:00	-0.0090881	-0.013632	-0.0045441	14.342
1	2021-12-13 12:19:00	-0.0085769	-0.013632	-0.001136	14.338
1	2021-12-13 12:20:00	-0.0082172	-0.014768	-0.002272	14.405
1	2021-12-13 12:21:00	-0.0086527	-0.013632	0	14.32
1	2021-12-13 12:22:00	-0.0088609	-0.013632	-0.0045441	14.388
1	2021-12-13 12:23:00	-0.0089556	-0.012496	-0.0034081	14.297
1	2021-12-13 12:24:00	-0.008558	-0.012496	-0.001136	14.328
1	2021-12-13 12:25:00	-0.0086716	-0.013632	-0.002272	14.337
1	2021-12-13 12:26:00	-0.0083497	-0.01136	0.002272	14.374
1	2021-12-13 12:27:00	-0.0081604	-0.012496	-0.002272	14.353
1	2021-12-13 12:28:00	-0.0082172	-0.01136	0.0068161	14.329
1	2021-12-13 12:29:00	-0.008558	-0.01136	-0.0034081	14.311
1	2021-12-13 12:30:00	-0.0091639	-0.018176	-0.0045441	14.324
1	2021-12-13 12:31:00	-0.0084823	-0.01136	-0.001136	14.373
1	2021-12-13 12:32:00	-0.0091071	-0.02272	-0.0045441	14.307
1	2021-12-13 12:33:00	-0.0083876	-0.012496	0.002272	14.327
1	2021-12-13 12:34:00	-0.00799	-0.012496	0.0045441	14.351
1	2021-12-13 12:35:00	-0.0083119	-0.013632	-0.0034081	14.335
1	2021-12-13 12:36:00	-0.0090503	-0.014768	-0.001136	14.338
1	2021-12-13 12:37:00	-0.0085012	-0.01704	-0.001136	14.362
1	2021-12-13 12:38:00	-0.0085769	-0.01136	-0.0034081	14.358
1	2021-12-13 12:39:00	-0.0081983	-0.012496	0.001136	14.348
1	2021-12-13 12:40:00	-0.0086527	-0.014768	-0.0034081	14.393
1	2021-12-13 12:41:00	-0.0088041	-0.018176	-0.001136	14.332
1	2021-12-13 12:42:00	-0.0095236	-0.01704	-0.0034081	14.305
1	2021-12-13 12:43:00	-0.0087473	-0.015904	-0.002272	14.361
1	2021-12-13 12:44:00	-0.0084255	-0.013632	-0.0056801	14.439
1	2021-12-13 12:45:00	-0.0083308	-0.015904	-0.002272	14.399
1	2021-12-13 12:46:00	-0.0085012	-0.020448	0.002272	14.428
1	2021-12-13 12:47:00	-0.0086527	-0.014768	-0.0034081	14.492
1	2021-12-13 12:48:00	-0.0081225	-0.012496	-0.0034081	14.468
1	2021-12-13 12:49:00	-0.0082929	-0.012496	-0.0045441	14.441
1	2021-12-13 12:50:00	-0.0084633	-0.014768	0	14.456
1	2021-12-13 12:51:00	-0.0085012	-0.012496	0.002272	14.426
1	2021-12-13 12:52:00	-0.0082551	-0.014768	0.0056801	14.41
1	2021-12-13 12:53:00	-0.0085959	-0.013632	-0.0034081	14.417
1	2021-12-13 12:54:00	-0.0087663	-0.015904	0	14.375
1	2021-12-13 12:55:00	-0.009126	-0.021584	-0.0045441	14.353
1	2021-12-13 12:56:00	-0.009126	-0.013632	-0.0056801	14.344
1	2021-12-13 12:57:00	-0.0081793	-0.013632	-0.001136	14.309
1	2021-12-13 12:58:00	-0.0085769	-0.01704	-0.002272	14.353
1	2021-12-13 12:59:00	-0.0086148	-0.015904	0.001136	14.329
1	2021-12-13 13:00:00	-0.0090124	-0.013632	-0.002272	14.337
1	2021-12-13 13:01:00	-0.0087473	-0.014768	-0.001136	14.328
1	2021-12-13 13:02:00	-0.0075356	-0.014768	0.0045441	14.346
1	2021-12-13 13:03:00	-0.0082361	-0.014768	0.001136	14.305
1	2021-12-13 13:04:00	-0.0090845	-0.015904	-0.0045441	14.306
1	2021-12-13 13:05:00	-0.0083308	-0.026128	0.0045441	14.27
1	2021-12-13 13:06:00	-0.0088609	-0.015904	-0.002272	14.29
1	2021-12-13 13:07:00	-0.0084255	-0.012496	0	14.316
1	2021-12-13 13:08:00	-0.0087095	-0.01704	-0.0056801	14.369
1	2021-12-13 13:09:00	-0.0083687	-0.015904	-0.001136	14.322
1	2021-12-13 13:10:00	-0.0078196	-0.015904	0.0034081	14.326
1	2021-12-13 13:11:00	-0.0083497	-0.018176	-0.002272	14.342
1	2021-12-13 13:12:00	-0.0087284	-0.014768	-0.0045441	14.318
1	2021-12-13 13:13:00	-0.0082361	-0.015904	-0.001136	14.338
1	2021-12-13 13:14:00	-0.0088231	-0.013632	-0.001136	14.35
1	2021-12-13 13:15:00	-0.0083497	-0.015904	-0.001136	14.35
1	2021-12-13 13:16:00	-0.0092585	-0.027264	-0.001136	14.321
1	2021-12-13 13:17:00	-0.0080847	-0.015904	-0.0034081	14.32
1	2021-12-13 13:18:00	-0.0081036	-0.014768	-0.002272	14.318
1	2021-12-13 13:19:00	-0.0083308	-0.014768	-0.001136	14.342
1	2021-12-13 13:20:00	-0.0091639	-0.019312	-0.0034081	14.348
1	2021-12-13 13:21:00	-0.008558	-0.015904	-0.0045441	14.374
1	2021-12-13 13:22:00	-0.0081793	-0.014768	-0.002272	14.393
1	2021-12-13 13:23:00	-0.0083876	-0.01136	-0.002272	14.37
1	2021-12-13 13:24:00	-0.0085769	-0.013632	-0.002272	14.405
1	2021-12-13 13:25:00	-0.0089177	-0.013632	-0.001136	14.348
1	2021-12-13 13:26:00	-0.0087095	-0.01704	-0.0045441	14.4
1	2021-12-13 13:27:00	-0.0085769	-0.015904	-0.001136	14.37
1	2021-12-13 13:28:00	-0.0089177	-0.01704	-0.0045441	14.376
1	2021-12-13 13:29:00	-0.0084444	-0.01704	0	14.336
1	2021-12-13 13:30:00	-0.0089177	-0.018176	0.0034081	14.309
1	2021-12-13 13:31:00	-0.0083119	-0.013632	0	14.319
1	2021-12-13 13:32:00	-0.0083119	-0.01136	-0.0034081	14.344
1	2021-12-13 13:33:00	-0.0082929	-0.0090881	-0.0079521	14.324
1	2021-12-13 13:34:00	-0.0084444	-0.0090881	-0.0079521	14.324
1	2021-12-13 13:35:00	-0.0082551	-0.0090881	-0.0079521	14.305
1	2021-12-13 13:36:00	-0.0082929	-0.0090881	-0.0068161	14.321
1	2021-12-13 13:37:00	-0.0081983	-0.0090881	-0.0068161	14.303
1	2021-12-13 13:38:00	-0.0082361	-0.0090881	-0.0068161	14.303
1	2021-12-13 13:39:00	-0.0080657	-0.0090881	-0.0068161	14.263
1	2021-12-13 13:40:00	-0.0081415	-0.01136	-0.0079521	14.322
1	2021-12-13 13:41:00	-0.0079143	-0.0090881	-0.002272	14.297
1	2021-12-13 13:42:00	-0.0081415	-0.0090881	-0.0056801	14.347
1	2021-12-13 13:43:00	-0.0080089	-0.0090881	-0.0079521	14.332
1	2021-12-13 13:44:00	-0.0080468	-0.0090881	-0.0068161	14.353
1	2021-12-13 13:45:00	-0.0080468	-0.0090881	-0.0079521	14.322
1	2021-12-13 13:46:00	-0.0080279	-0.0090881	-0.0079521	14.344
1	2021-12-13 13:47:00	-0.0080279	-0.0090881	-0.0079521	14.322
1	2021-12-13 13:48:00	0.0075734	-0.0090881	0.099969	14.33
1	2021-12-13 13:49:00	0.089518	0.085201	0.096561	14.33
1	2021-12-13 13:50:00	0.087303	0.085201	0.088609	14.301
1	2021-12-13 13:51:00	0.087549	0.086337	0.088609	14.297
1	2021-12-13 13:52:00	0.087984	0.086337	0.092017	14.337
1	2021-12-13 13:53:00	0.088231	0.087473	0.088609	14.37
1	2021-12-13 13:54:00	0.08789	0.086337	0.088609	14.336
1	2021-12-13 13:55:00	0.087928	0.087473	0.088609	14.369
1	2021-12-13 13:56:00	0.08806	0.086337	0.092017	14.358
1	2021-12-13 13:57:00	0.088098	0.086337	0.089745	14.366
1	2021-12-13 13:58:00	0.088022	0.087473	0.088609	14.406
1	2021-12-13 13:59:00	0.088098	0.087473	0.089745	14.376
1	2021-12-13 14:00:00	0.088363	0.087473	0.089745	14.365
1	2021-12-13 14:01:00	0.088571	0.087473	0.089745	14.381
1	2021-12-13 14:02:00	0.088382	0.087473	0.089745	14.395
1	2021-12-13 14:03:00	0.088193	0.087473	0.089745	14.378
1	2021-12-13 14:04:00	0.088363	0.087473	0.089745	14.374
1	2021-12-13 14:05:00	0.088363	0.087473	0.089745	14.35
1	2021-12-13 14:06:00	0.088704	0.087473	0.089745	14.264
1	2021-12-13 14:07:00	0.088571	0.087473	0.089745	14.339
1	2021-12-13 14:08:00	0.088496	0.086337	0.089745	14.326
1	2021-12-13 14:09:00	0.088515	0.087473	0.089745	14.327
1	2021-12-13 14:10:00	0.088515	0.086337	0.089745	14.353
1	2021-12-13 14:11:00	0.088401	0.087473	0.089745	14.29
1	2021-12-13 14:12:00	0.088571	0.087473	0.089745	14.318
1	2021-12-13 14:13:00	0.088609	0.087473	0.089745	14.332
1	2021-12-13 14:14:00	0.088628	0.087473	0.089745	14.326
1	2021-12-13 14:15:00	0.088742	0.086337	0.089745	14.301
1	2021-12-13 14:16:00	0.088685	0.087473	0.089745	14.288
1	2021-12-13 14:17:00	0.088609	0.087473	0.089745	14.337
1	2021-12-13 14:18:00	0.08878	0.087473	0.089745	14.263
1	2021-12-13 14:19:00	0.089253	0.087473	0.090881	14.273
1	2021-12-13 14:20:00	0.089253	0.088609	0.089745	14.274
1	2021-12-13 14:21:00	0.089177	0.088609	0.089745	14.302
1	2021-12-13 14:22:00	0.088874	0.087473	0.089745	14.255
1	2021-12-13 14:23:00	0.088609	0.087473	0.089745	14.322
1	2021-12-13 14:24:00	0.088212	0.087473	0.090881	14.301
1	2021-12-13 14:25:00	0.088344	0.087473	0.089745	14.269
1	2021-12-13 14:26:00	0.08859	0.087473	0.089745	14.324
1	2021-12-13 14:27:00	0.088571	0.087473	0.089745	14.319
1	2021-12-13 14:28:00	0.088723	0.087473	0.089745	14.29
1	2021-12-13 14:29:00	0.088363	0.087473	0.089745	14.318
1	2021-12-13 14:30:00	0.08842	0.086337	0.088609	14.287
1	2021-12-13 14:31:00	0.088439	0.087473	0.089745	14.283
1	2021-12-13 14:32:00	0.08842	0.087473	0.089745	14.277
1	2021-12-13 14:33:00	0.088666	0.087473	0.089745	14.243
1	2021-12-13 14:34:00	0.088571	0.087473	0.089745	14.378
1	2021-12-13 14:35:00	0.088363	0.087473	0.088609	14.357
1	2021-12-13 14:36:00	0.088306	0.086337	0.089745	14.336
1	2021-12-13 14:37:00	0.08842	0.087473	0.092017	14.358
1	2021-12-13 14:38:00	0.088136	0.087473	0.089745	14.41
1	2021-12-13 14:39:00	0.088136	0.087473	0.088609	14.361
1	2021-12-13 14:40:00	0.08825	0.087473	0.088609	14.389
1	2021-12-13 14:41:00	0.048148	-0.0090881	0.089745	14.373
1	2021-12-13 14:42:00	-0.0081604	-0.012496	-0.0068161	14.341
1	2021-12-13 14:43:00	-0.0080089	-0.0090881	-0.0079521	14.328
1	2021-12-13 14:44:00	-0.0080847	-0.0090881	-0.0068161	14.327
1	2021-12-13 14:45:00	-0.0080847	-0.0090881	-0.0079521	14.307
1	2021-12-13 14:46:00	-0.0081604	-0.0090881	-0.0068161	14.352
1	2021-12-13 14:47:00	-0.0080657	-0.0090881	-0.0079521	14.348
1	2021-12-13 14:48:00	-0.0080089	-0.0090881	-0.0068161	14.334
1	2021-12-13 14:49:00	-0.0080847	-0.0090881	-0.0079521	14.322
1	2021-12-13 14:50:00	-0.00799	-0.0090881	-0.0068161	14.316
1	2021-12-13 14:51:00	-0.00799	-0.0090881	-0.0079521	14.341
1	2021-12-13 14:52:00	-0.00799	-0.0090881	-0.0068161	14.344
1	2021-12-13 14:53:00	-0.0080279	-0.0090881	-0.0068161	14.351
1	2021-12-13 14:54:00	-0.0080279	-0.0090881	-0.0068161	14.341
1	2021-12-13 14:55:00	-0.0080657	-0.0090881	-0.0079521	14.359
1	2021-12-13 14:56:00	-0.0080279	-0.0090881	-0.0079521	14.347
1	2021-12-13 14:57:00	-0.00799	-0.0090881	-0.0068161	14.282
1	2021-12-13 14:58:00	-0.0080847	-0.0090881	-0.0079521	14.271
1	2021-12-13 14:59:00	-0.0080089	-0.0090881	-0.0079521	14.303
1	2021-12-13 15:00:00	-0.0079521	-0.0090881	-0.0068161	14.297
1	2021-12-13 15:01:00	-0.00799	-0.0090881	-0.0068161	14.299
1	2021-12-13 15:02:00	-0.0079332	-0.0090881	-0.0068161	14.297
1	2021-12-13 15:03:00	-0.0080089	-0.0090881	-0.0079521	14.288
1	2021-12-13 15:04:00	-0.0079711	-0.0090881	-0.0079521	14.332
1	2021-12-13 15:05:00	-0.0080089	-0.0090881	-0.0079521	14.35
1	2021-12-13 15:06:00	-0.0079143	-0.0090881	-0.0068161	14.374
1	2021-12-13 15:07:00	-0.0079521	-0.0090881	-0.0068161	14.337
1	2021-12-13 15:08:00	-0.0079711	-0.0090881	-0.0068161	14.339
1	2021-12-13 15:09:00	-0.0079332	-0.0090881	-0.0068161	14.367
1	2021-12-13 15:10:00	-0.0079521	-0.012496	-0.0068161	14.367
1	2021-12-13 15:11:00	-0.0079143	-0.0079521	-0.0068161	14.431
1	2021-12-13 15:12:00	-0.0079711	-0.0090881	-0.0079521	14.396
1	2021-12-13 15:13:00	-0.0079143	-0.0090881	-0.0068161	14.37
1	2021-12-13 15:14:00	-0.0080279	-0.0090881	-0.0068161	14.359
1	2021-12-13 15:15:00	-0.0079711	-0.0090881	-0.0079521	14.379
1	2021-12-13 15:16:00	-0.0079521	-0.0090881	-0.0068161	14.399
1	2021-12-13 15:17:00	-0.0079143	-0.0079521	-0.0068161	14.382
1	2021-12-13 15:18:00	-0.0079143	-0.0090881	-0.0068161	14.37
1	2021-12-13 15:19:00	-0.0079332	-0.0090881	-0.0068161	14.316
1	2021-12-13 15:20:00	-0.0079143	-0.0079521	-0.0068161	14.343
1	2021-12-13 15:21:00	-0.0079521	-0.0090881	-0.0068161	14.327
1	2021-12-13 15:22:00	-0.0079521	-0.0079521	-0.0079521	14.319
1	2021-12-13 15:23:00	-0.0079143	-0.0090881	-0.0068161	14.284
1	2021-12-13 15:24:00	-0.0078575	-0.0079521	-0.0068161	14.302
1	2021-12-13 15:25:00	-0.0079332	-0.0079521	-0.0068161	14.316
1	2021-12-13 15:26:00	-0.0079711	-0.0090881	-0.0068161	14.284
1	2021-12-13 15:27:00	-0.0079332	-0.0079521	-0.0068161	14.295
1	2021-12-13 15:28:00	-0.0078953	-0.0079521	-0.0068161	14.275
1	2021-12-13 15:29:00	-0.0078953	-0.0079521	-0.0068161	14.321
1	2021-12-13 15:30:00	-0.0078953	-0.0090881	-0.0068161	14.337
1	2021-12-13 15:31:00	-0.0079332	-0.0079521	-0.0068161	14.332
1	2021-12-13 15:32:00	-0.0078953	-0.0079521	-0.0068161	14.318
1	2021-12-13 15:33:00	-0.0079143	-0.0079521	-0.0068161	14.308
1	2021-12-13 15:34:00	-0.0077628	-0.0079521	-0.0034081	14.303
1	2021-12-13 15:35:00	-0.0078385	-0.0090881	-0.0068161	14.309
1	2021-12-13 15:36:00	-0.0079521	-0.0079521	-0.0079521	14.232
1	2021-12-13 15:37:00	-0.0077439	-0.0079521	-0.0068161	14.271
1	2021-12-13 15:38:00	-0.0076568	-0.0079521	-0.0068161	14.285
1	2021-12-13 15:39:00	-0.0076492	-0.0079521	-0.0068161	14.311
1	2021-12-13 15:40:00	-0.0074598	-0.0079521	-0.0056801	14.289
1	2021-12-13 15:41:00	-0.0076113	-0.0090881	-0.0068161	14.263
1	2021-12-13 15:42:00	-0.0076113	-0.010224	-0.0068161	14.297
1	2021-12-13 15:43:00	-0.0075356	-0.0079521	-0.0068161	14.282
1	2021-12-13 15:44:00	-0.0073652	-0.0079521	-0.0068161	14.324
1	2021-12-13 15:45:00	-0.0072137	-0.010224	-0.0045441	14.327
1	2021-12-13 15:46:00	-0.0069486	-0.0079521	-0.0068161	14.356
1	2021-12-13 15:47:00	-0.0069486	-0.0079521	-0.0068161	14.39
1	2021-12-13 15:48:00	-0.0068161	-0.0079521	-0.0056801	14.389
1	2021-12-13 15:49:00	-0.0066836	-0.0068161	-0.0045441	14.361
1	2021-12-13 15:50:00	-0.0063806	-0.0079521	-0.0056801	14.356
1	2021-12-13 15:51:00	-0.005983	-0.0068161	-0.0045441	14.347
1	2021-12-13 15:52:00	-0.0056044	-0.0056801	-0.0045441	14.37
1	2021-12-13 15:53:00	-0.0049038	-0.0056801	-0.0045441	14.373
1	2021-12-13 15:54:00	-0.0042033	-0.0045441	-0.0034081	14.363
1	2021-12-13 15:55:00	-0.0031051	-0.0034081	-0.002272	14.288
1	2021-12-13 15:56:00	-0.0019691	-0.0034081	-0.001136	14.292
1	2021-12-13 15:57:00	-0.00045441	-0.001136	0.001136	14.32
1	2021-12-13 15:58:00	0.0016094	0	0.0034081	14.314
1	2021-12-13 15:59:00	0.0042222	0.002272	0.0056801	14.325
1	2021-12-13 16:00:00	0.0073841	0.0056801	0.010224	14.296
1	2021-12-13 16:01:00	0.011966	0.0090881	0.014768	14.294
1	2021-12-13 16:02:00	0.018725	0.014768	0.023856	14.246
1	2021-12-13 16:03:00	0.026924	0.02272	0.031808	14.263
1	2021-12-13 16:04:00	0.036637	0.031808	0.043169	14.259
1	2021-12-13 16:05:00	0.049474	0.042033	0.057937	14.265
1	2021-12-13 16:06:00	0.067972	0.056862	0.079521	14.284
1	2021-12-13 16:07:00	0.09215	0.077249	0.10906	14.322
1	2021-12-13 16:08:00	0.12598	0.10679	0.14655	14.305
1	2021-12-13 16:09:00	0.17237	0.14768	0.20107	14.292
1	2021-12-13 16:10:00	0.22949	0.19905	0.26015	14.276
1	2021-12-13 16:11:00	0.30188	0.25333	0.35444	14.278
1	2021-12-13 16:12:00	0.39761	0.3374	0.45213	14.28
1	2021-12-13 16:13:00	0.5276	0.45781	0.61345	14.212
1	2021-12-13 16:14:00	0.69821	0.59868	0.83952	14.315
1	2021-12-13 16:15:00	0.90688	0.7918	1.0429	14.264
1	2021-12-13 16:16:00	1.1498	0.99629	1.3121	14.32
1	2021-12-13 16:17:00	1.4391	1.2757	1.6041	14.342
1	2021-12-13 16:18:00	1.7795	1.5745	2.0028	14.351
1	2021-12-13 16:19:00	2.173	1.9823	2.4186	14.285
1	2021-12-13 16:20:00	2.6218	2.3129	2.8787	14.321
1	2021-12-13 16:21:00	3.1288	2.8582	3.4773	14.371
1	2021-12-13 16:22:00	3.7423	3.3751	4.1215	14.316
1	2021-12-13 16:23:00	4.522	4.109	4.9598	14.296
1	2021-12-13 16:24:00	5.3504	4.911	5.8357	14.343
1	2021-12-13 16:25:00	6.2056	5.6949	6.7139	14.347
1	2021-12-13 16:26:00	7.2157	6.6093	7.8022	14.403
1	2021-12-13 16:27:00	8.308	7.5909	8.987	14.308
1	2021-12-13 16:28:00	9.6591	8.8609	10.457	14.375
1	2021-12-13 16:29:00	11.333	10.42	12.435	14.316
1	2021-12-13 16:30:00	12.896	11.955	13.545	14.342
1	2021-12-13 16:31:00	13.788	13.393	14.267	14.287
1	2021-12-13 16:32:00	14.734	14.135	15.535	14.277
1	2021-12-13 16:33:00	16.138	15.331	16.869	14.282
1	2021-12-13 16:34:00	17.53	16.761	18.46	14.321
1	2021-12-13 16:35:00	19.072	18.184	20.014	14.317
1	2021-12-13 16:36:00	20.599	19.768	21.495	14.315
1	2021-12-13 16:37:00	22.4	21.317	23.477	14.305
1	2021-12-13 16:38:00	24.549	23.384	25.634	14.328
1	2021-12-13 16:39:00	26.559	25.565	27.61	14.3
1	2021-12-13 16:40:00	28.721	27.358	30.14	14.291
1	2021-12-13 16:41:00	31.338	30.02	32.866	14.27
1	2021-12-13 16:42:00	33.858	32.598	35.307	14.326
1	2021-12-13 16:43:00	36.095	34.671	38.011	14.315
1	2021-12-13 16:44:00	38.468	37.148	40.329	14.295
1	2021-12-13 16:45:00	40.981	39.102	42.476	14.288
1	2021-12-13 16:46:00	43.225	41.431	45.054	14.316
1	2021-12-13 16:47:00	45.01	43.668	46.179	14.32
1	2021-12-13 16:48:00	47.003	45.373	48.928	14.329
1	2021-12-13 16:49:00	49.605	47.667	52.12	14.332
1	2021-12-13 16:50:00	53.319	50.019	55.892	14.262
1	2021-12-13 16:51:00	57.325	56.097	59.743	14.264
1	2021-12-13 16:52:00	60.139	58.471	62.015	14.273
1	2021-12-13 16:53:00	61.29	60.584	61.97	14.285
1	2021-12-13 16:54:00	60.172	58.925	61.379	14.312
1	2021-12-13 16:55:00	61.145	59.97	63.185	14.329
1	2021-12-13 16:56:00	64.401	62.64	67.525	14.362
1	2021-12-13 16:57:00	68.577	66.502	72.762	14.355
1	2021-12-13 16:58:00	70.74	69.149	72.614	14.331
1	2021-12-13 16:59:00	70.62	68.706	74.148	14.315
1	2021-12-13 17:00:00	69.556	67.82	71.387	14.314
1	2021-12-13 17:01:00	72.925	69.82	76.295	14.296
1	2021-12-13 17:02:00	79.914	75.568	85.86	14.335
1	2021-12-13 17:03:00	90.42	84.815	96.811	14.365
1	2021-12-13 17:04:00	102.51	97.209	108.29	14.311
1	2021-12-13 17:05:00	109.61	106.88	111.68	14.36
1	2021-12-13 17:06:00	101.21	95.516	108.52	14.41
1	2021-12-13 17:07:00	91.636	89.132	95.38	14.418
1	2021-12-13 17:08:00	89.877	88.609	91.688	14.342
1	2021-12-13 17:09:00	96.145	91.04	104.52	14.306
1	2021-12-13 17:10:00	113	102.25	121.97	14.308
1	2021-12-13 17:11:00	131.07	122.46	153.35	14.297
1	2021-12-13 17:12:00	138.49	125.13	210.41	14.314
1	2021-12-13 17:13:00	126.45	120.37	136.23	14.301
1	2021-12-13 17:14:00	120.31	116.5	133.18	14.275
1	2021-12-13 17:15:00	118.29	114.66	120.91	14.284
1	2021-12-13 17:16:00	110.83	105.58	115.46	14.283
1	2021-12-13 17:17:00	101.1	94.778	105.82	14.275
1	2021-12-13 17:18:00	89.544	86.61	94.312	14.262
1	2021-12-13 17:19:00	86.804	85.644	88.927	14.288
1	2021-12-13 17:20:00	89.025	87.564	92.744	14.296
1	2021-12-13 17:21:00	92.769	88.859	100.47	14.262
1	2021-12-13 17:22:00	117.62	95.335	171.74	14.315
1	2021-12-13 17:23:00	133.1	102.2	195.61	14.316
1	2021-12-13 17:24:00	160.71	112.1	237.03	14.295
1	2021-12-13 17:25:00	117.57	103.48	158.57	14.297
1	2021-12-13 17:26:00	183.29	131.38	254.3	14.247
1	2021-12-13 17:27:00	230.07	154.12	319.27	14.322
1	2021-12-13 17:28:00	240.78	155.45	338.2	14.356
1	2021-12-13 17:29:00	249.81	157.68	335.06	14.345
1	2021-12-13 17:30:00	253.5	176.08	347.12	14.337
1	2021-12-13 17:31:00	256.85	158.61	358.91	14.36
1	2021-12-13 17:32:00	267.14	180.08	352.52	14.291
1	2021-12-13 17:33:00	274.85	182.08	387.27	14.3
1	2021-12-13 17:34:00	287.03	207.03	360.58	14.33
1	2021-12-13 17:35:00	203.14	143.35	302.06	14.338
1	2021-12-13 17:36:00	313.16	180.49	411.24	14.345
1	2021-12-13 17:37:00	345.14	218.29	442.71	14.306
1	2021-12-13 17:38:00	393.22	286.5	457.47	14.331
1	2021-12-13 17:39:00	458.36	378.29	559.03	14.312
1	2021-12-13 17:40:00	515.07	404.08	575.85	14.392
1	2021-12-13 17:41:00	530.85	443.96	603.22	14.335
1	2021-12-13 17:42:00	519.49	413.96	580.28	14.333
1	2021-12-13 17:43:00	527.82	439.87	586.18	14.355
1	2021-12-13 17:44:00	396.47	299.11	608.34	14.408
1	2021-12-13 17:45:00	449.58	297.52	611.63	14.365
1	2021-12-13 17:46:00	540.85	470.31	590.39	14.317
1	2021-12-13 17:47:00	493.21	409.08	543.92	14.359
1	2021-12-13 17:48:00	505.59	432.48	556.53	14.351
1	2021-12-13 17:49:00	256.72	204.78	553.69	14.292
1	2021-12-13 17:50:00	250.15	208.81	316.8	14.301
1	2021-12-13 17:51:00	442.41	249.7	626.85	14.301
1	2021-12-13 17:52:00	227.99	208.21	248.11	14.236
1	2021-12-13 17:53:00	194.18	183.58	207.61	14.281
1	2021-12-13 17:54:00	265.86	184.85	543.58	14.306
1	2021-12-13 17:55:00	202.29	163.77	552.44	14.307
1	2021-12-13 17:56:00	156.38	149.95	166.67	14.291
1	2021-12-13 17:57:00	148.67	144.31	160.94	14.315
1	2021-12-13 17:58:00	433.5	167.9	564.26	14.331
1	2021-12-13 17:59:00	308.76	157.53	568.12	14.326
1	2021-12-13 18:00:00	554.46	526.43	585.73	14.309
1	2021-12-13 18:01:00	561.11	518.59	599.36	14.327
1	2021-12-13 18:02:00	567.96	546.42	594.93	14.296
1	2021-12-13 18:03:00	569.3	551.76	591.64	14.297
1	2021-12-13 18:04:00	574.17	539.15	602.77	14.332
1	2021-12-13 18:05:00	580.27	538.36	610.72	14.328
1	2021-12-13 18:06:00	585.4	557.1	614.02	14.342
1	2021-12-13 18:07:00	443.02	203.8	636.28	14.329
1	2021-12-13 18:08:00	286.45	189.01	558.92	14.332
1	2021-12-13 18:09:00	427.34	165.78	674.91	14.382
1	2021-12-13 18:10:00	636.59	599.02	677.18	14.368
1	2021-12-13 18:11:00	518.29	255.94	664.12	14.42
1	2021-12-13 18:12:00	643.55	606.63	683.65	14.353
1	2021-12-13 18:13:00	651.06	608.56	697.97	14.318
1	2021-12-13 18:14:00	654.71	601.29	695.58	14.265
1	2021-12-13 18:15:00	666.72	620.95	721.94	14.295
1	2021-12-13 18:16:00	677.1	627.99	718.08	14.313
1	2021-12-13 18:17:00	681.06	643.44	736.37	14.315
1	2021-12-13 18:18:00	697.06	643.44	758.06	14.332
1	2021-12-13 18:19:00	716.34	637.08	779.53	14.272
1	2021-12-13 18:20:00	409.08	279.69	786.12	14.39
1	2021-12-13 18:21:00	544.34	352.62	855.53	14.351
1	2021-12-13 18:22:00	450.28	351.71	747.04	14.399
1	2021-12-13 18:23:00	647.61	306.16	958.23	14.368
1	2021-12-13 18:24:00	252.02	204.68	303.43	14.411
1	2021-12-13 18:25:00	175.43	158.6	206.06	14.353
1	2021-12-13 18:26:00	175.54	157.71	372.25	14.359
1	2021-12-13 18:27:00	705.06	504.85	797.71	14.341
1	2021-12-13 18:28:00	783.59	743.41	818.84	14.363
1	2021-12-13 18:29:00	785.18	754.32	825.43	14.361
1	2021-12-13 18:30:00	791.06	736.48	836.9	14.33
1	2021-12-13 18:31:00	793.27	746.02	837.36	14.377
1	2021-12-13 18:32:00	791.09	758.75	820.66	14.338
1	2021-12-13 18:33:00	793.62	754.2	828.72	14.337
1	2021-12-13 18:34:00	798.85	750.57	856.1	14.317
1	2021-12-13 18:35:00	824.14	774.88	889.27	14.34
1	2021-12-13 18:36:00	841.04	792.71	884.62	14.336
1	2021-12-13 18:37:00	638.92	326.83	881.44	14.325
1	2021-12-13 18:38:00	693.76	358.64	935.51	14.369
1	2021-12-13 18:39:00	712.71	362.05	978	14.313
1	2021-12-13 18:40:00	321.46	246.06	435.66	14.357
1	2021-12-13 18:41:00	245.35	230.95	270.53	14.33
1	2021-12-13 18:42:00	275.06	259.34	296.56	14.305
1	2021-12-13 18:43:00	329.43	255.37	892.34	14.327
1	2021-12-13 18:44:00	952.63	899.73	1019	14.336
1	2021-12-13 18:45:00	971.79	925.63	1023.1	14.323
1	2021-12-13 18:46:00	976.64	731.25	1119	14.356
1	2021-12-13 18:47:00	1104	1040.9	1155.3	14.28
1	2021-12-13 18:48:00	1079.9	1031	1117.3	14.297
1	2021-12-13 18:49:00	1077.9	1019.8	1129.8	14.359
1	2021-12-13 18:50:00	1052.4	996.17	1105.7	14.363
1	2021-12-13 18:51:00	988.78	941.3	1027.2	14.393
1	2021-12-13 18:52:00	976.32	941.99	1008.2	14.379
1	2021-12-13 18:53:00	921.02	550.17	1002.1	14.356
1	2021-12-13 18:54:00	949.56	898.13	996.17	14.358
1	2021-12-13 18:55:00	952.96	926.31	976.18	14.355
1	2021-12-13 18:56:00	954.39	926.31	993.45	14.385
1	2021-12-13 18:57:00	951.73	924.72	981.63	14.384
1	2021-12-13 18:58:00	951.99	928.35	975.38	14.366
1	2021-12-13 18:59:00	961.52	914.61	999.92	14.466
1	2021-12-13 19:00:00	967.14	925.29	998.79	14.397
1	2021-12-13 19:01:00	975.95	943.8	1004.6	14.339
1	2021-12-13 19:02:00	978.22	938.46	1012.5	14.379
1	2021-12-13 19:03:00	978.9	940.51	1014.7	14.356
1	2021-12-13 19:04:00	966.15	433.16	1042	14.363
1	2021-12-13 19:05:00	900.24	500.42	1062.6	14.378
1	2021-12-13 19:06:00	1035.5	996.85	1086.3	14.394
1	2021-12-13 19:07:00	1077.5	1030.9	1129.4	14.348
1	2021-12-13 19:08:00	1148.3	1094.1	1218.8	14.351
1	2021-12-13 19:09:00	1194.8	1152.9	1239.2	14.355
1	2021-12-13 19:10:00	1216	1165.3	1270.2	14.372
1	2021-12-13 19:11:00	1209.9	1018.1	1264.8	14.379
1	2021-12-13 19:12:00	1282.6	949.94	1358.2	14.363
1	2021-12-13 19:13:00	1346.5	1319.7	1381.9	14.306
1	2021-12-13 19:14:00	1316.8	862.01	1387.2	14.331
1	2021-12-13 19:15:00	601.27	517.23	784.99	14.37
1	2021-12-13 19:16:00	1296.7	882.57	1468.4	14.393
1	2021-12-13 19:17:00	973	382.04	1422.9	14.39
1	2021-12-13 19:18:00	368.14	354.78	409.99	14.417
1	2021-12-13 19:19:00	644.63	414.53	1274.3	14.384
1	2021-12-13 19:20:00	538	439.3	751.48	14.368
1	2021-12-13 19:21:00	564.22	442.02	922.45	14.384
1	2021-12-13 19:22:00	883.99	378.52	1378	14.425
1	2021-12-13 19:23:00	280.46	236.97	364.89	14.414
1	2021-12-13 19:24:00	560.31	230.11	1202.8	14.397
1	2021-12-13 19:25:00	1204.5	1167.9	1241	14.353
1	2021-12-13 19:26:00	1207.9	1174.2	1251.3	14.344
1	2021-12-13 19:27:00	1166.9	1101.9	1202.4	14.386
1	2021-12-13 19:28:00	1145.5	1113.4	1176.3	14.369
1	2021-12-13 19:29:00	1144.9	1116.6	1168.8	14.332
1	2021-12-13 19:30:00	1144.8	1115.7	1176.8	14.348
1	2021-12-13 19:31:00	1142.9	1102.2	1168.2	14.382
1	2021-12-13 19:32:00	1152.8	1124	1184.3	14.347
1	2021-12-13 19:33:00	1152.1	1109.4	1183.8	14.364
1	2021-12-13 19:34:00	1158.3	1129	1193.2	14.309
1	2021-12-13 19:35:00	1166.9	1136.8	1199.1	14.334
1	2021-12-13 19:36:00	1175.3	1147.9	1197.7	14.398
1	2021-12-13 19:37:00	1180.9	1142.9	1221	14.427
1	2021-12-13 19:38:00	1184.4	1144.2	1229.3	14.395
1	2021-12-13 19:39:00	1190.7	1154.8	1227.6	14.436
1	2021-12-13 19:40:00	1196.2	1158.7	1220.1	14.428
1	2021-12-13 19:41:00	1201.3	1166	1233.5	14.434
1	2021-12-13 19:42:00	1206.5	1171.1	1235.8	14.411
1	2021-12-13 19:43:00	1212.3	1184.4	1236	14.448
1	2021-12-13 19:44:00	1218.3	1188.2	1251.8	14.41
1	2021-12-13 19:45:00	1219.3	1188.2	1254.3	14.375
1	2021-12-13 19:46:00	1226.2	1198.6	1258.1	14.389
1	2021-12-13 19:47:00	1223	1172.4	1281.7	14.405
1	2021-12-13 19:48:00	1228.2	1160.4	1279.8	14.41
1	2021-12-13 19:49:00	1232.6	1199.4	1258.5	14.452
1	2021-12-13 19:50:00	1238	1188.4	1279.4	14.451
1	2021-12-13 19:51:00	1237.7	1184.4	1289.7	14.402
1	2021-12-13 19:52:00	1242.7	1198.4	1285.1	14.371
1	2021-12-13 19:53:00	1243.4	1186.9	1291.3	14.293
1	2021-12-13 19:54:00	1251.9	1214.3	1304.5	14.31
1	2021-12-13 19:55:00	1257.9	1224.6	1292.1	14.322
1	2021-12-13 19:56:00	1264.8	1212.4	1304.7	14.349
1	2021-12-13 19:57:00	1268.8	1243.8	1298.6	14.369
1	2021-12-13 19:58:00	1271.2	1235.8	1304.7	14.348
1	2021-12-13 19:59:00	1266.8	1195.2	1302.6	14.329
1	2021-12-13 20:00:00	1282.4	1259.4	1312	14.338
1	2021-12-13 20:01:00	1287.6	1243.8	1323.9	14.316
1	2021-12-13 20:02:00	1292.7	1255.8	1327.5	14.367
1	2021-12-13 20:03:00	1298.2	1252.8	1324.7	14.393
1	2021-12-13 20:04:00	1316.2	1268.1	1357	14.387
1	2021-12-13 20:05:00	1322.5	1282	1354.9	14.396
1	2021-12-13 20:06:00	1315	1217	1356.3	14.363
1	2021-12-13 20:07:00	1326.3	1283.4	1368.6	14.34
1	2021-12-13 20:08:00	1323.1	1288.5	1347.2	14.328
1	2021-12-13 20:09:00	1326.7	1279.3	1370.1	14.322
1	2021-12-13 20:10:00	1335.4	1294.9	1369.1	14.343
1	2021-12-13 20:11:00	1335.1	1267.6	1387	14.332
1	2021-12-13 20:12:00	1330.9	1236.8	1380	14.327
1	2021-12-13 20:13:00	1346.5	1308.4	1371.9	14.329
1	2021-12-13 20:14:00	1368.3	1328.3	1412	14.32
1	2021-12-13 20:15:00	1396.3	1366.4	1430.9	14.346
1	2021-12-13 20:16:00	1395.6	1365.9	1428.7	14.362
1	2021-12-13 20:17:00	1377.6	1342.4	1407.3	14.341
1	2021-12-13 20:18:00	1369.8	1343.8	1400.7	14.426
1	2021-12-13 20:19:00	1386.1	1347.1	1474.4	14.429
1	2021-12-13 20:20:00	1408.3	1352.3	1466.4	14.375
1	2021-12-13 20:21:00	1438	1348.9	1518.6	14.391
1	2021-12-13 20:22:00	1490.4	1412.1	1564.4	14.371
1	2021-12-13 20:23:00	1507.2	1060.1	1559.9	14.382
1	2021-12-13 20:24:00	1136.3	709.33	1558.3	14.365
1	2021-12-13 20:25:00	1239.5	689.11	1724	14.322
1	2021-12-13 20:26:00	1074	524.61	1601.8	14.323
1	2021-12-13 20:27:00	1420.8	940.74	1596.6	14.279
1	2021-12-13 20:28:00	1206	530.52	1650.9	14.296
1	2021-12-13 20:29:00	679.59	405.9	1571.3	14.328
1	2021-12-13 20:30:00	765.63	388.06	1648.8	14.385
1	2021-12-13 20:31:00	1625.1	1578.5	1657.7	14.312
1	2021-12-13 20:32:00	1602.7	1570.5	1640.5	14.284
1	2021-12-13 20:33:00	1554.1	1060.6	1724.1	14.311
1	2021-12-13 20:34:00	703.18	462.81	1514.1	14.285
1	2021-12-13 20:35:00	459.34	451.34	473.04	14.317
1	2021-12-13 20:36:00	474.7	462.47	484.97	14.286
1	2021-12-13 20:37:00	549.97	469.97	732.39	14.323
1	2021-12-13 20:38:00	795.52	567.1	1804.3	14.358
1	2021-12-13 20:39:00	1320.1	812.82	1814	14.342
1	2021-12-13 20:40:00	1269.6	628.22	1774.2	14.253
1	2021-12-13 20:41:00	1714.7	1669.5	1796.5	14.337
1	2021-12-13 20:42:00	1418.5	817.93	1837.1	14.356
1	2021-12-13 20:43:00	741.25	515.98	1513.7	14.363
1	2021-12-13 20:44:00	1591.9	919.72	1769.3	14.334
1	2021-12-13 20:45:00	1675.1	1609.3	1744.1	14.285
1	2021-12-13 20:46:00	1601.8	1559.8	1651.3	14.316
1	2021-12-13 20:47:00	1609.3	1570.4	1647.6	14.303
1	2021-12-13 20:48:00	1579.4	1032.5	1744.2	14.331
1	2021-12-13 20:49:00	1726.6	1299.7	1870.7	14.342
1	2021-12-13 20:50:00	1601	794.64	1790	14.28
1	2021-12-13 20:51:00	1469.2	938.46	1653.8	14.339
1	2021-12-13 20:52:00	1535	1495.3	1575.2	14.323
1	2021-12-13 20:53:00	1506.8	1464.9	1537.3	14.285
1	2021-12-13 20:54:00	1496	1460.8	1520.3	14.249
1	2021-12-13 20:55:00	1492.3	1449.2	1527.8	14.379
1	2021-12-13 20:56:00	1496.7	1463.9	1541.6	14.322
1	2021-12-13 20:57:00	1551.6	1482.6	1628.8	14.363
1	2021-12-13 20:58:00	1456.5	1111.4	1598.4	14.384
1	2021-12-13 20:59:00	1512.7	1483.2	1569.7	14.379
1	2021-12-13 21:00:00	1512.2	1459.8	1552.8	14.381
1	2021-12-13 21:01:00	1539.6	1495	1597.2	14.264
1	2021-12-13 21:02:00	1619.8	1217.1	1754.2	14.327
1	2021-12-13 21:03:00	931.9	456.22	1781.3	14.312
1	2021-12-13 21:04:00	1209.9	494.62	1848.9	14.257
1	2021-12-13 21:05:00	747.32	447.48	1816.4	14.289
1	2021-12-13 21:06:00	1160.7	450.32	1788.7	14.304
1	2021-12-13 21:07:00	1589.3	1299	1679	14.316
1	2021-12-13 21:08:00	1511.5	1093.3	1607.8	14.292
1	2021-12-13 21:09:00	1540.5	1468.2	1592.9	14.325
1	2021-12-13 21:10:00	1522.3	1484.2	1571.6	14.301
1	2021-12-13 21:11:00	1520.7	1486.8	1562.4	14.281
1	2021-12-13 21:12:00	1522.5	1487.5	1555.9	14.299