1	2021-11-29 19:58:00	1224.5	1104.8	1444.4	13.752
1	2021-11-29 19:59:00	1062.4	1032.2	1108.1	13.669
1	2021-11-29 20:00:00	1007.5	984.81	1033.8	13.717
1	2021-11-29 20:01:00	968.74	950.96	987.43	13.7
1	2021-11-29 20:02:00	948.98	941.19	961.41	13.76
1	2021-11-29 20:03:00	941.49	932.67	948.12	13.808
1	2021-11-29 20:04:00	943.6	929.15	952.1	13.739
1	2021-11-29 20:05:00	947.6	931.87	962.77	13.818
1	2021-11-29 20:06:00	952.84	937.67	962.21	13.816
1	2021-11-29 20:07:00	959.84	953.69	970.27	13.801
1	2021-11-29 20:08:00	973.95	957.09	991.74	13.773
1	2021-11-29 20:09:00	988.22	970.5	1002.8	13.815
1	2021-11-29 20:10:00	978.38	954.94	994.7	13.846
1	2021-11-29 20:11:00	967.97	956.3	978.45	13.737
1	2021-11-29 20:12:00	956.2	934.71	980.5	14.202
1	2021-11-29 20:13:00	922.57	901.88	946.64	14.231
1	2021-11-29 20:14:00	926.07	909.61	942.55	14.253
1	2021-11-29 20:15:00	947.62	936.42	954.03	14.254
1	2021-11-29 20:16:00	962.08	949.37	977.2	14.215
1	2021-11-29 20:17:00	979.31	955.16	1005	14.164
1	2021-11-29 20:18:00	1034.4	998.22	1070	14.221
1	2021-11-29 20:19:00	1125.1	1063.1	1200.4	14.246
1	2021-11-29 20:20:00	1103.3	1059	1170.8	14.256
1	2021-11-29 20:21:00	1128.9	1097.5	1166.9	14.254
1	2021-11-29 20:22:00	1100	1077.9	1117.3	14.191
1	2021-11-29 20:23:00	1126.3	1101.1	1150.2	14.278
1	2021-11-29 20:24:00	1235.5	1151	1398.6	14.269
1	2021-11-29 20:25:00	1523.8	1394.6	1662.9	14.196
1	2021-11-29 20:26:00	1407.8	1323.6	1563.4	14.175
1	2021-11-29 20:27:00	1344.4	1299	1394.3	14.229
1	2021-11-29 20:28:00	1446.1	1332.7	1636.5	14.232
1	2021-11-29 20:29:00	1389	1336.8	1459	14.274
1	2021-11-29 20:30:00	1324.9	1214.3	1445.2	14.233
1	2021-11-29 20:31:00	1263.1	1210.2	1433.2	14.249
1	2021-11-29 20:32:00	1347.5	1203.3	1518.5	14.259
1	2021-11-29 20:33:00	1165.1	1132	1215.4	14.256
1	2021-11-29 20:34:00	1135.6	1098	1176.9	14.214
1	2021-11-29 20:35:00	1111.7	1091.8	1136.5	14.204
1	2021-11-29 20:36:00	1114.4	1104.5	1132.2	14.232
1	2021-11-29 20:37:00	1173.5	1132.9	1198.2	14.27
1	2021-11-29 20:38:00	1156.2	1134.7	1193.8	14.274
1	2021-11-29 20:39:00	1104	1065.1	1155.7	14.196
1	2021-11-29 20:40:00	1106.7	1067.1	1236.4	14.207
1	2021-11-29 20:41:00	1245.5	1162.3	1347.9	14.264
1	2021-11-29 20:42:00	1076	997.88	1167.8	14.233
1	2021-11-29 20:43:00	950.32	927.1	1000.3	14.161
1	2021-11-29 20:44:00	910.17	896.2	926.19	14.225
1	2021-11-29 20:45:00	884.57	873.94	898.13	14.237
1	2021-11-29 20:46:00	865.38	853.49	875.98	14.277
1	2021-11-29 20:47:00	854.68	847.47	863.94	14.253
1	2021-11-29 20:48:00	851.72	843.72	857.12	14.207
1	2021-11-29 20:49:00	851.2	844.51	856.78	14.243
1	2021-11-29 20:50:00	854.74	846.22	860.65	14.242
1	2021-11-29 20:51:00	860.71	856.67	865.42	14.253
1	2021-11-29 20:52:00	868.62	862.46	876.32	14.228
1	2021-11-29 20:53:00	876.4	865.87	885.98	14.28
1	2021-11-29 20:54:00	888.01	876.78	902.45	14.272
1	2021-11-29 20:55:00	911.86	896.32	926.08	14.25
1	2021-11-29 20:56:00	923.26	915.29	929.6	14.291
1	2021-11-29 20:57:00	922.94	916.88	935.17	14.292
1	2021-11-29 20:58:00	931.97	920.29	937.67	14.372
1	2021-11-29 20:59:00	943.46	935.17	954.82	14.333
1	2021-11-29 21:00:00	949.26	939.15	957.89	14.322
1	2021-11-29 21:01:00	963.76	952.21	980.27	14.268
1	2021-11-29 21:02:00	978.64	964.71	992.77	14.311
1	2021-11-29 21:03:00	1006.4	978.68	1035.3	14.322
1	2021-11-29 21:04:00	1082.7	1037.8	1115.2	14.344
1	2021-11-29 21:05:00	1106.7	1092.4	1121	14.2
1	2021-11-29 21:06:00	1118.4	1087.8	1138.3	14.225
1	2021-11-29 21:07:00	1240.6	1139.9	1343.2	14.207
1	2021-11-29 21:08:00	1302.7	1191.3	1503.2	14.234
1	2021-11-29 21:09:00	1211.3	1182.9	1255.9	14.175
1	2021-11-29 21:10:00	1231.4	1178.5	1283	14.228
1	2021-11-29 21:11:00	1402.4	1269	1493.2	14.2
1	2021-11-29 21:12:00	1305.8	1268.6	1379.7	14.259
1	2021-11-29 21:13:00	1310.1	1108	1586.1	14.183
1	2021-11-29 21:14:00	986.89	919.38	1125.1	14.26
1	2021-11-29 21:15:00	1326.7	953	1917.5	14.186
1	2021-11-29 21:16:00	1523.6	1276	2144.2	14.256
1	2021-11-29 21:17:00	2232.5	1263.8	2586.9	14.195
1	2021-11-29 21:18:00	2295.8	1944.1	2615.6	14.248
1	2021-11-29 21:19:00	2005.8	1419	2684.4	14.232
1	2021-11-29 21:20:00	2028.9	1469.7	2642.1	14.254
1	2021-11-29 21:21:00	2088.3	1691.6	2674.5	14.171
1	2021-11-29 21:22:00	2130.4	1614.8	2551	14.181
1	2021-11-29 21:23:00	1398	1060.4	2569.4	14.182
1	2021-11-29 21:24:00	2079.5	1652.9	2301.2	14.267
1	2021-11-29 21:25:00	2125.2	1953.2	2263.7	14.217
1	2021-11-29 21:26:00	2208	2119.1	2289.3	14.309
1	2021-11-29 21:27:00	2141.6	2023.2	2244.1	14.273
1	2021-11-29 21:28:00	1939.6	1482.6	2146.2	14.266
1	2021-11-29 21:29:00	1801.8	1173.7	2374.3	14.197
1	2021-11-29 21:30:00	2017.9	1295.9	2337.7	14.207
1	2021-11-29 21:31:00	1989.3	1287.2	2403.8	14.337
1	2021-11-29 21:32:00	1771.5	1255.5	2211.5	14.224
1	2021-11-29 21:33:00	1734.9	1292.6	1923.4	14.228
1	2021-11-29 21:34:00	1698.7	1515.2	1789.3	14.273
1	2021-11-29 21:35:00	1888.5	1704.4	2137.4	14.27
1	2021-11-29 21:36:00	2135.7	1974.9	2204.2	14.251
1	2021-11-29 21:37:00	2174	1939.3	2267.7	14.335
1	2021-11-29 21:38:00	1672.6	1115.1	2349.4	14.308
1	2021-11-29 21:39:00	2026.2	1286	2273.5	14.354
1	2021-11-29 21:40:00	2078.2	1903.6	2246.9	14.236
1	2021-11-29 21:41:00	1996.2	1852.4	2100.4	14.343
1	2021-11-29 21:42:00	1994.3	1954.1	2028.2	14.323
1	2021-11-29 21:43:00	1948.5	1734.1	2022.7	14.399
1	2021-11-29 21:44:00	1743.1	1256	2022	14.36
1	2021-11-29 21:45:00	1621.1	1089	1988.4	14.389
1	2021-11-29 21:46:00	1888.4	1767.4	1976	14.273
1	2021-11-29 21:47:00	1823.5	1684.9	1973.3	14.272
1	2021-11-29 21:48:00	1960.7	1918.1	2016.7	14.28
1	2021-11-29 21:49:00	2026	1955.9	2089.4	14.288
1	2021-11-29 21:50:00	1816.9	1412.2	2084	14.241
1	2021-11-29 21:51:00	1988.4	1845.8	2066.2	14.247
1	2021-11-29 21:52:00	2005.3	1750.6	2097.9	14.31
1	2021-11-29 21:53:00	2001.1	1935.5	2069.1	14.323
1	2021-11-29 21:54:00	1985.1	1918.4	2043.2	14.231
1	2021-11-29 21:55:00	1995.7	1940.8	2038.9	14.268
1	2021-11-29 21:56:00	2012.7	1960.4	2050.2	14.305
1	2021-11-29 21:57:00	2022.3	1949.4	2078.1	14.268
1	2021-11-29 21:58:00	2051.6	1996.2	2092.3	14.237
1	2021-11-29 21:59:00	2089.5	2015.5	2140.7	14.298
1	2021-11-29 22:00:00	2091.1	1992.5	2143	14.314
1	2021-11-29 22:01:00	2092.4	2042	2184.3	14.28
1	2021-11-29 22:02:00	2036.5	1900.4	2104	14.2
1	2021-11-29 22:03:00	1897.2	1732.9	1983.4	14.266
1	2021-11-29 22:04:00	1425.5	1215.4	1760.8	14.22
1	2021-11-29 22:05:00	1314.8	1204.7	1513.3	14.239
1	2021-11-29 22:06:00	1460	1291.4	1614.1	14.28
1	2021-11-29 22:07:00	1258.5	1098.2	1517.4	14.247
1	2021-11-29 22:08:00	1207.1	1055.7	1485.6	14.16
1	2021-11-29 22:09:00	1164.3	1066.2	1226	14.188
1	2021-11-29 22:10:00	1063.3	1006.1	1177.4	14.216
1	2021-11-29 22:11:00	938.83	893.7	1028	14.192
1	2021-11-29 22:12:00	992.16	946.76	1011.2	14.17
1	2021-11-29 22:13:00	942.44	909.5	991.4	14.241
1	2021-11-29 22:14:00	939.21	886.89	972.32	14.227
1	2021-11-29 22:15:00	999.32	858.49	1246.2	14.199
1	2021-11-29 22:16:00	876.98	840.99	980.95	14.176
1	2021-11-29 22:17:00	1188.5	993.56	1476	14.19
1	2021-11-29 22:18:00	1102.6	1002	1392.6	14.194
1	2021-11-29 22:19:00	1490.1	1170.3	2106.2	14.229
1	2021-11-29 22:20:00	1596.9	1325.6	2064.9	14.184
1	2021-11-29 22:21:00	1297.6	1101.6	1585.9	14.189
1	2021-11-29 22:22:00	1366.1	1108	1813.9	14.212
1	2021-11-29 22:23:00	1396.3	1197.8	1713.9	14.201
1	2021-11-29 22:24:00	1302.4	1107.6	1578.6	14.245
1	2021-11-29 22:25:00	1984.2	1499.7	2290.7	14.27
1	2021-11-29 22:26:00	1881	1567.2	2205.1	14.237
1	2021-11-29 22:27:00	1794.7	1296	2198.3	14.253
1	2021-11-29 22:28:00	1676.8	1219.9	2226.4	14.319
1	2021-11-29 22:29:00	1249.4	1014.7	1553.4	14.318
1	2021-11-29 22:30:00	1294.1	932.22	2088.3	14.308
1	2021-11-29 22:31:00	2023.5	1885.4	2189	14.244
1	2021-11-29 22:32:00	2070.2	1871.8	2163.2	14.26
1	2021-11-29 22:33:00	2115.3	2080	2169.1	14.193
1	2021-11-29 22:34:00	2140	2091.5	2193.6	14.165
1	2021-11-29 22:35:00	2119.2	2058.5	2162	14.326
1	2021-11-29 22:36:00	2080.3	1998.1	2146.4	14.346
1	2021-11-29 22:37:00	2059	1990.5	2115.9	14.335
1	2021-11-29 22:38:00	2099.6	2042.7	2167.2	14.264
1	2021-11-29 22:39:00	2146.3	1758.7	2268.2	14.273
1	2021-11-29 22:40:00	2121.5	1912.3	2340.6	14.276
1	2021-11-29 22:41:00	1739.3	826.68	2372.2	14.27
1	2021-11-29 22:42:00	804.67	770.33	826.34	14.275
1	2021-11-29 22:43:00	943.68	743.75	1414.6	14.239
1	2021-11-29 22:44:00	672.17	597.09	1151.7	14.267
1	2021-11-29 22:45:00	566.55	540.18	595.5	14.2
1	2021-11-29 22:46:00	522.5	515.3	538.7	14.252
1	2021-11-29 22:47:00	549.85	521.32	584.82	14.214
1	2021-11-29 22:48:00	677.08	589.14	747.39	14.255
1	2021-11-29 22:49:00	1253.5	743.3	2021.3	14.228
1	2021-11-29 22:50:00	1238.9	734.55	2108.4	14.216
1	2021-11-29 22:51:00	722.93	437.59	1727.9	14.243
1	2021-11-29 22:52:00	406.01	391.13	434.3	14.155
1	2021-11-29 22:53:00	400.4	391.24	416.24	14.204
1	2021-11-29 22:54:00	457.23	412.49	717.51	14.208
1	2021-11-29 22:55:00	1220.5	584.48	1808.7	14.216
1	2021-11-29 22:56:00	1523.9	1365.5	1711.1	14.155
1	2021-11-29 22:57:00	1805.2	1731.2	1875.3	14.263
1	2021-11-29 22:58:00	1799.7	1742.2	1844.1	14.248
1	2021-11-29 22:59:00	1833.7	1757.9	1902.4	14.259
1	2021-11-29 23:00:00	1920	1818	2007.6	14.207
1	2021-11-29 23:01:00	2023.4	1749.9	2137.3	14.252
1	2021-11-29 23:02:00	1678	1256.3	2138.3	14.287
1	2021-11-29 23:03:00	1161.1	752.16	1588.3	14.212
1	2021-11-29 23:04:00	1581.3	753.07	2128.9	14.31
1	2021-11-29 23:05:00	1211.1	1029.9	1621.7	14.318
1	2021-11-29 23:06:00	883.26	778.17	1192.5	14.327
1	2021-11-29 23:07:00	763.74	631.06	889.5	14.211
1	2021-11-29 23:08:00	983.73	605.38	1698.9	14.212
1	2021-11-29 23:09:00	1670.7	1314	1941	14.176
1	2021-11-29 23:10:00	1530.3	1297.8	1712.1	14.256
1	2021-11-29 23:11:00	1211.9	962.32	1479.3	14.229
1	2021-11-29 23:12:00	1033.8	811.57	1251	14.228
1	2021-11-29 23:13:00	931.83	713.76	1205.4	14.28
1	2021-11-29 23:14:00	868.55	721.03	1147.9	14.269
1	2021-11-29 23:15:00	1021.3	773.06	1267.3	14.213
1	2021-11-29 23:16:00	834.08	564.37	1422.4	14.211
1	2021-11-29 23:17:00	881.86	495.42	1302.7	14.242
1	2021-11-29 23:18:00	1277.1	634.81	1591.4	14.228
1	2021-11-29 23:19:00	1365.6	1244.5	1471.4	14.239
1	2021-11-29 23:20:00	1336.3	1091.7	1490	14.255
1	2021-11-29 23:21:00	1145.5	935.96	1311.2	14.272
1	2021-11-29 23:22:00	1293.8	1207	1373.2	14.186
1	2021-11-29 23:23:00	1091.7	940.51	1258.8	14.245
1	2021-11-29 23:24:00	1103.2	950.28	1245.1	14.252
1	2021-11-29 23:25:00	1309	1054.9	1521.9	14.257
1	2021-11-29 23:26:00	1107.3	802.94	1393.6	14.177
1	2021-11-29 23:27:00	932.63	672.98	1241.3	14.226
1	2021-11-29 23:28:00	599.05	443.5	831.11	14.169
1	2021-11-29 23:29:00	413.53	368.52	480.42	14.204
1	2021-11-29 23:30:00	693.58	481.33	900.86	14.149
1	2021-11-29 23:31:00	638.9	442.14	1015.4	14.239
1	2021-11-29 23:32:00	415	398.29	441.8	14.255
1	2021-11-29 23:33:00	415.81	403.74	434.87	14.234
1	2021-11-29 23:34:00	688.22	440.43	1449.2	14.14
1	2021-11-29 23:35:00	1665.7	1392.4	1803.3	14.228
1	2021-11-29 23:36:00	1777.4	1702.4	1864	14.181
1	2021-11-29 23:37:00	1478.6	1242.2	1779.5	14.144
1	2021-11-29 23:38:00	1066.7	897.91	1314.6	14.217
1	2021-11-29 23:39:00	917.14	796.12	1363.6	14.231
1	2021-11-29 23:40:00	750.57	614.59	938.8	14.224
1	2021-11-29 23:41:00	623.29	518.25	790.55	14.184
1	2021-11-29 23:42:00	435.78	372.95	509.16	14.182
1	2021-11-29 23:43:00	350.94	335.62	372.05	14.184
1	2021-11-29 23:44:00	743.52	342.62	1550.1	14.191
1	2021-11-29 23:45:00	1440	1298.1	1500.9	14.206
1	2021-11-29 23:46:00	1405.1	1333.8	1448.1	14.245
1	2021-11-29 23:47:00	1380.1	1319.1	1437.6	14.291
1	2021-11-29 23:48:00	1366.7	1323.7	1403.5	14.203
1	2021-11-29 23:49:00	1350.4	1297.9	1411.5	14.245
1	2021-11-29 23:50:00	1340.7	1278.6	1398.3	14.201
1	2021-11-29 23:51:00	1336.8	1275.9	1391.6	14.187
1	2021-11-29 23:52:00	1254.3	1117.7	1369.7	14.134
1	2021-11-29 23:53:00	1320.8	1274	1358.3	14.238
1	2021-11-29 23:54:00	1322.3	1286.5	1357.7	14.14
1	2021-11-29 23:55:00	1389.6	1321	1485.1	14.169
1	2021-11-29 23:56:00	1446.7	1275.5	1538.7	14.119
1	2021-11-29 23:57:00	1160.4	545.86	1540.2	14.22
1	2021-11-29 23:58:00	999.4	419.64	1418.1	14.219
1	2021-11-29 23:59:00	1301.4	1239.5	1365.2	14.245
1	2021-11-30 00:00:00	1293.1	1232.7	1341	14.155
1	2021-11-30 00:01:00	1242.8	1187.8	1293.2	14.211
1	2021-11-30 00:02:00	1228.4	1139.5	1289.7	14.169
1	2021-11-30 00:03:00	1218.9	1151.4	1299.8	14.186
1	2021-11-30 00:04:00	1167.7	1098.2	1227	14.22
1	2021-11-30 00:05:00	1201.8	1140.3	1256	14.192
1	2021-11-30 00:06:00	1211.8	1134.8	1265.3	14.225
1	2021-11-30 00:07:00	1215.1	1158.5	1266.8	14.205
1	2021-11-30 00:08:00	1198.8	1141.8	1258.9	14.171
1	2021-11-30 00:09:00	1205.3	1152.8	1257.1	14.207
1	2021-11-30 00:10:00	1201.2	1152.5	1264.7	14.184
1	2021-11-30 00:11:00	1211.1	1159.6	1261.3	14.211
1	2021-11-30 00:12:00	1203.1	1123.3	1246.6	14.204
1	2021-11-30 00:13:00	1197.3	1153.1	1242.2	14.237
1	2021-11-30 00:14:00	1183.5	1104.7	1235.4	14.203
1	2021-11-30 00:15:00	1176.8	1118.2	1210.2	14.201
1	2021-11-30 00:16:00	1167.3	1117.8	1216.3	14.228
1	2021-11-30 00:17:00	1125.9	934.94	1202.1	14.222
1	2021-11-30 00:18:00	1139.4	867.92	1218.6	14.29
1	2021-11-30 00:19:00	1150.1	1079.9	1217	14.222
1	2021-11-30 00:20:00	1139.3	1096.1	1185.9	14.173
1	2021-11-30 00:21:00	1131.6	1074.9	1187.1	14.187
1	2021-11-30 00:22:00	1123.2	1062.6	1174	14.177
1	2021-11-30 00:23:00	1117	1044.8	1199.7	14.22
1	2021-11-30 00:24:00	1114.5	1077.5	1159.1	14.204
1	2021-11-30 00:25:00	1105.9	1069	1134.7	14.349
1	2021-11-30 00:26:00	1100.8	1041.2	1162.9	14.3
1	2021-11-30 00:27:00	1095.6	1055.8	1152	14.316
1	2021-11-30 00:28:00	1073.5	843.27	1139.9	14.25
1	2021-11-30 00:29:00	1017.8	856.1	1105.7	14.264
1	2021-11-30 00:30:00	984.21	910.63	1067.7	14.166
1	2021-11-30 00:31:00	927.93	858.49	982.31	14.244
1	2021-11-30 00:32:00	920.58	869.96	969.36	14.2
1	2021-11-30 00:33:00	910.05	860.99	970.95	14.144
1	2021-11-30 00:34:00	885.22	770.22	963.23	14.209
1	2021-11-30 00:35:00	889.39	821.34	970.61	14.228
1	2021-11-30 00:36:00	877.56	816.46	935.74	14.181
1	2021-11-30 00:37:00	871.11	824.29	928.92	14.188
1	2021-11-30 00:38:00	870.03	838.95	904.04	14.161
1	2021-11-30 00:39:00	863.94	803.85	929.83	14.21
1	2021-11-30 00:40:00	751.86	596.07	927.67	14.248
1	2021-11-30 00:41:00	545.25	369.32	888.48	14.144
1	2021-11-30 00:42:00	838.7	812.02	897.23	14.216
1	2021-11-30 00:43:00	828.57	779.53	872.69	14.196
1	2021-11-30 00:44:00	806.89	726.03	879.85	14.103
1	2021-11-30 00:45:00	811.2	738.18	845.08	14.202
1	2021-11-30 00:46:00	809.01	770.22	870.08	14.234
1	2021-11-30 00:47:00	745.69	576.76	841.22	14.218
1	2021-11-30 00:48:00	777.13	571.87	861.44	14.142
1	2021-11-30 00:49:00	779.18	723.87	817.14	14.201
1	2021-11-30 00:50:00	452.81	135.35	844.74	14.198
1	2021-11-30 00:51:00	498.34	134.08	858.94	14.184
1	2021-11-30 00:52:00	835.53	764.54	891.09	14.227
1	2021-11-30 00:53:00	857.34	771.47	926.54	14.176
1	2021-11-30 00:54:00	886.99	833.95	928.47	14.202
1	2021-11-30 00:55:00	898.72	831.45	952.44	14.195
1	2021-11-30 00:56:00	896.33	861.67	948.01	14.234
1	2021-11-30 00:57:00	908.43	856.67	947.21	14.268
1	2021-11-30 00:58:00	931.86	858.37	989.47	14.217
1	2021-11-30 00:59:00	676.68	434.64	963.68	14.25
1	2021-11-30 01:00:00	641.86	337.96	976.97	14.291
1	2021-11-30 01:01:00	880.81	808.62	947.78	14.254
1	2021-11-30 01:02:00	876.53	833.84	913.81	14.183
1	2021-11-30 01:03:00	869.83	810.32	928.47	14.154
1	2021-11-30 01:04:00	859.68	806.69	902.11	14.253
1	2021-11-30 01:05:00	834.53	783.17	881.89	14.239
1	2021-11-30 01:06:00	812.47	756.36	861.21	14.301
1	2021-11-30 01:07:00	793.65	755.68	837.36	14.223
1	2021-11-30 01:08:00	783.55	744.2	825.2	14.269
1	2021-11-30 01:09:00	770.5	727.96	812.14	14.218
1	2021-11-30 01:10:00	695.27	605.27	767.15	14.252
1	2021-11-30 01:11:00	522.52	467.93	613.9	14.158
1	2021-11-30 01:12:00	655.64	518.14	747.95	14.168
1	2021-11-30 01:13:00	725.02	663.43	775.67	14.153
1	2021-11-30 01:14:00	712.8	672.07	776.47	14.113
1	2021-11-30 01:15:00	705.92	657.41	764.88	14.071
1	2021-11-30 01:16:00	699.94	649.57	750.23	14.08
1	2021-11-30 01:17:00	649.41	600.84	719.33	14.091
1	2021-11-30 01:18:00	672.54	612.2	721.71	14.1
1	2021-11-30 01:19:00	691.44	647.98	744.32	14.081
1	2021-11-30 01:20:00	683.47	639.35	719.1	14.134
1	2021-11-30 01:21:00	679.94	608.22	754.32	14.144
1	2021-11-30 01:22:00	673.55	614.93	730.8	14.118
1	2021-11-30 01:23:00	663.06	620.38	698.2	14.09
1	2021-11-30 01:24:00	646.95	610.27	685.93	14.188
1	2021-11-30 01:25:00	632.7	583.91	678.09	14.175
1	2021-11-30 01:26:00	632.14	584.48	681.27	14.183
1	2021-11-30 01:27:00	620.74	592.09	654.35	14.194
1	2021-11-30 01:28:00	611.39	566.19	652.19	14.148
1	2021-11-30 01:29:00	602.05	565.62	648.44	14.143
1	2021-11-30 01:30:00	586.29	541.88	633.22	14.16
1	2021-11-30 01:31:00	572.28	523.59	621.51	14.175
1	2021-11-30 01:32:00	557.35	518.14	605.72	14.128
1	2021-11-30 01:33:00	552.71	520.3	594.36	14.166
1	2021-11-30 01:34:00	544.27	508.37	586.3	14.223
1	2021-11-30 01:35:00	548.73	497.01	603.68	14.302
1	2021-11-30 01:36:00	548.2	492.69	581.41	14.281
1	2021-11-30 01:37:00	549.12	512.57	581.3	14.298
1	2021-11-30 01:38:00	538.71	497.8	579.14	14.225
1	2021-11-30 01:39:00	517.27	470.42	575.28	14.222
1	2021-11-30 01:40:00	518.61	469.97	581.41	14.228
1	2021-11-30 01:41:00	468.38	328.76	533.25	14.22
1	2021-11-30 01:42:00	441.07	359.44	478.38	14.253
1	2021-11-30 01:43:00	416.48	262.99	500.3	14.353
1	2021-11-30 01:44:00	430.47	348.98	483.26	14.284
1	2021-11-30 01:45:00	400.28	282.07	469.97	14.298
1	2021-11-30 01:46:00	347.18	235.38	416.01	14.299
1	2021-11-30 01:47:00	352.23	204.37	455.54	14.295
1	2021-11-30 01:48:00	248.91	124.85	430.1	14.199
1	2021-11-30 01:49:00	235.93	133.41	307.51	14.233
1	2021-11-30 01:50:00	159.74	114.28	274.61	14.17
1	2021-11-30 01:51:00	151.55	111.09	231.67	14.125
1	2021-11-30 01:52:00	265.28	140.08	336.36	14.188
1	2021-11-30 01:53:00	307.22	204.6	360.12	14.245
1	2021-11-30 01:54:00	357.98	300.93	395.67	14.236
1	2021-11-30 01:55:00	342.94	271.17	423.05	14.23
1	2021-11-30 01:56:00	263.06	183.9	359.44	14.189
1	2021-11-30 01:57:00	171.8	123.46	306.43	14.251
1	2021-11-30 01:58:00	201.16	145.9	326.9	14.228
1	2021-11-30 01:59:00	208.7	151.87	268.94	14.233
1	2021-11-30 02:00:00	241.17	175.65	306.37	14.211
1	2021-11-30 02:01:00	212.71	131.65	341.38	14.212
1	2021-11-30 02:02:00	331.61	259.81	416.92	14.243
1	2021-11-30 02:03:00	285.26	181.09	357.62	14.196
1	2021-11-30 02:04:00	249.98	136.67	364.32	14.216
1	2021-11-30 02:05:00	297.44	157.8	377.5	14.234
1	2021-11-30 02:06:00	287.67	172.36	355.01	14.178
1	2021-11-30 02:07:00	299.72	243.56	341.49	14.25
1	2021-11-30 02:08:00	286.41	212.29	345.8	14.281
1	2021-11-30 02:09:00	283.12	204.4	324.8	14.28
1	2021-11-30 02:10:00	253.11	209.23	296.8	14.164
1	2021-11-30 02:11:00	249.88	195.68	283.96	14.257
1	2021-11-30 02:12:00	224.83	151.64	287.34	14.219
1	2021-11-30 02:13:00	131.41	103.06	220.69	14.256
1	2021-11-30 02:14:00	144.71	106.89	200.08	14.258
1	2021-11-30 02:15:00	131.46	112.91	152.71	14.194
1	2021-11-30 02:16:00	116.06	86.462	151.09	14.21
1	2021-11-30 02:17:00	86.16	78.442	96.118	14.198
1	2021-11-30 02:18:00	76.521	72.194	80.089	14.235
1	2021-11-30 02:19:00	70.956	68.4	74.75	14.283
1	2021-11-30 02:20:00	66.073	63.083	68.502	14.273
1	2021-11-30 02:21:00	61.489	59.039	64.537	14.246
1	2021-11-30 02:22:00	57.406	55.301	59.63	14.283
1	2021-11-30 02:23:00	54.203	52.473	55.937	14.316
1	2021-11-30 02:24:00	51.704	50.428	53.245	14.31
1	2021-11-30 02:25:00	49.48	48.338	50.916	14.324
1	2021-11-30 02:26:00	47.552	46.293	48.712	14.243
1	2021-11-30 02:27:00	45.8	44.861	46.793	14.168
1	2021-11-30 02:28:00	44.264	42.828	45.384	14.21
1	2021-11-30 02:29:00	42.585	41.737	43.566	14.179
1	2021-11-30 02:30:00	40.497	39.363	41.771	14.241
1	2021-11-30 02:31:00	38.62	37.614	39.851	14.269
1	2021-11-30 02:32:00	36.774	35.489	37.886	14.222
1	2021-11-30 02:33:00	34.873	34.058	35.739	14.209
1	2021-11-30 02:34:00	33.258	32.286	34.092	14.256
1	2021-11-30 02:35:00	31.755	30.911	32.797	14.256
1	2021-11-30 02:36:00	30.319	29.707	31.127	14.238
1	2021-11-30 02:37:00	29.062	28.457	29.707	14.288
1	2021-11-30 02:38:00	27.966	27.503	28.48	14.29
1	2021-11-30 02:39:00	27.069	26.515	27.548	14.275
1	2021-11-30 02:40:00	26.25	25.867	26.685	14.26
1	2021-11-30 02:41:00	25.461	25.115	25.901	14.231
1	2021-11-30 02:42:00	24.754	24.288	25.163	14.275
1	2021-11-30 02:43:00	24.017	23.527	24.493	14.247
1	2021-11-30 02:44:00	23.356	22.817	23.731	14.231
1	2021-11-30 02:45:00	22.516	21.933	23.111	14.234
1	2021-11-30 02:46:00	21.408	20.77	21.985	14.178
1	2021-11-30 02:47:00	20.205	19.58	20.756	14.207
1	2021-11-30 02:48:00	18.929	18.176	19.609	14.259
1	2021-11-30 02:49:00	17.662	17.049	18.364	14.215
1	2021-11-30 02:50:00	16.352	15.704	17.162	14.183
1	2021-11-30 02:51:00	14.961	14.256	15.724	14.214
1	2021-11-30 02:52:00	13.664	13.063	14.409	14.197
1	2021-11-30 02:53:00	12.564	11.986	13.031	14.225
1	2021-11-30 02:54:00	11.355	10.779	11.999	14.25
1	2021-11-30 02:55:00	10.553	10.017	10.956	14.292
1	2021-11-30 02:56:00	9.2826	8.6996	10.007	14.287
1	2021-11-30 02:57:00	8.1029	7.5738	8.6156	14.258
1	2021-11-30 02:58:00	7.23	6.8002	7.6579	14.317
1	2021-11-30 02:59:00	6.504	6.072	6.8968	14.322
1	2021-11-30 03:00:00	5.574	5.0553	6.0913	14.238
1	2021-11-30 03:01:00	4.6145	4.1601	5.0678	14.249
1	2021-11-30 03:02:00	3.838	3.4251	4.2055	14.268
1	2021-11-30 03:03:00	3.0205	2.723	3.4024	14.212
1	2021-11-30 03:04:00	2.4329	2.1641	2.6833	14.178
1	2021-11-30 03:05:00	1.9457	1.7654	2.1482	14.239
1	2021-11-30 03:06:00	1.6322	1.5007	1.7529	14.2
1	2021-11-30 03:07:00	1.3437	1.2019	1.495	14.188
1	2021-11-30 03:08:00	1.0799	0.95653	1.186	14.255
1	2021-11-30 03:09:00	0.86299	0.76227	0.97016	14.249
1	2021-11-30 03:10:00	0.65474	0.55438	0.7634	14.227
1	2021-11-30 03:11:00	0.47118	0.40101	0.5487	14.243
1	2021-11-30 03:12:00	0.33766	0.28173	0.3942	14.187
1	2021-11-30 03:13:00	0.23976	0.20335	0.27946	14.206
1	2021-11-30 03:14:00	0.17065	0.14427	0.19994	14.239
1	2021-11-30 03:15:00	0.11911	0.097697	0.14314	14.233
1	2021-11-30 03:16:00	0.081396	0.067025	0.097697	14.203
1	2021-11-30 03:17:00	0.056138	0.046577	0.067025	14.27
1	2021-11-30 03:18:00	0.037337	0.030672	0.045441	14.222
1	2021-11-30 03:19:00	0.024197	0.019312	0.029536	14.278
1	2021-11-30 03:20:00	0.017551	0.015904	0.020448	14.273
1	2021-11-30 03:21:00	0.012534	0.010224	0.014768	14.197
1	2021-11-30 03:22:00	0.0077817	0.0056801	0.010224	14.247
1	2021-11-30 03:23:00	0.0038814	0.002272	0.0056801	14.201
1	2021-11-30 03:24:00	0.00083308	0	0.002272	14.255
1	2021-11-30 03:25:00	-0.0016472	-0.0034081	0	14.238
1	2021-11-30 03:26:00	-0.003711	-0.0045441	-0.002272	14.228
1	2021-11-30 03:27:00	-0.0053771	-0.0068161	-0.0034081	14.247
1	2021-11-30 03:28:00	-0.0066268	-0.0079521	-0.0056801	14.191
1	2021-11-30 03:29:00	-0.0074409	-0.0079521	-0.0056801	14.199
1	2021-11-30 03:30:00	-0.0082172	-0.010224	-0.0079521	14.229
1	2021-11-30 03:31:00	-0.0090313	-0.010224	-0.0079521	14.228
1	2021-11-30 03:32:00	-0.0091639	-0.010224	-0.0079521	14.248
1	2021-11-30 03:33:00	-0.0095993	-0.01136	-0.0090881	14.276
1	2021-11-30 03:34:00	-0.010129	-0.01136	-0.0090881	14.308
1	2021-11-30 03:35:00	-0.010205	-0.01136	-0.0090881	14.305
1	2021-11-30 03:36:00	-0.010319	-0.01136	-0.010224	14.297
1	2021-11-30 03:37:00	-0.01066	-0.01136	-0.010224	14.269
1	2021-11-30 03:38:00	-0.010641	-0.01136	-0.0090881	14.268
1	2021-11-30 03:39:00	-0.010887	-0.01136	-0.010224	14.298
1	2021-11-30 03:40:00	-0.011	-0.01136	-0.010224	14.23
1	2021-11-30 03:41:00	-0.011114	-0.01136	-0.010224	14.254
1	2021-11-30 03:42:00	-0.011133	-0.01136	-0.010224	14.228
1	2021-11-30 03:43:00	-0.011247	-0.01136	-0.010224	14.194
1	2021-11-30 03:44:00	-0.011247	-0.01136	-0.010224	14.213
1	2021-11-30 03:45:00	-0.011303	-0.012496	-0.0090881	14.191
1	2021-11-30 03:46:00	-0.011322	-0.01136	-0.010224	14.183
1	2021-11-30 03:47:00	-0.01136	-0.012496	-0.010224	14.24
1	2021-11-30 03:48:00	-0.011417	-0.013632	-0.010224	14.236
1	2021-11-30 03:49:00	-0.011303	-0.012496	-0.010224	14.227
1	2021-11-30 03:50:00	-0.011247	-0.01136	-0.010224	14.202
1	2021-11-30 03:51:00	-0.011284	-0.012496	-0.0090881	14.13
1	2021-11-30 03:52:00	-0.011341	-0.012496	-0.010224	14.215
1	2021-11-30 03:53:00	-0.011341	-0.012496	-0.010224	14.226
1	2021-11-30 03:54:00	-0.011398	-0.013632	-0.010224	14.247
1	2021-11-30 03:55:00	-0.010773	-0.012496	-0.0090881	14.28
1	2021-11-30 03:56:00	-0.010281	-0.012496	-0.0090881	14.272
1	2021-11-30 03:57:00	-0.0097508	-0.010224	-0.0090881	14.243
1	2021-11-30 03:58:00	-0.0094479	-0.012496	-0.0079521	14.223
1	2021-11-30 03:59:00	-0.0092396	-0.01136	-0.0079521	14.215
1	2021-11-30 04:00:00	-0.0091828	-0.01136	-0.0090881	14.179
1	2021-11-30 04:01:00	-0.0092775	-0.010224	-0.0090881	14.162
1	2021-11-30 04:02:00	-0.0092017	-0.010224	-0.0079521	14.16
1	2021-11-30 04:03:00	-0.0092396	-0.010224	-0.0090881	14.201
1	2021-11-30 04:04:00	-0.0094289	-0.010224	-0.0090881	14.214
1	2021-11-30 04:05:00	-0.0092964	-0.010224	-0.0090881	14.231
1	2021-11-30 04:06:00	-0.0093153	-0.010224	-0.0090881	14.175
1	2021-11-30 04:07:00	-0.0092964	-0.010224	-0.0090881	14.222
1	2021-11-30 04:08:00	-0.0093343	-0.010224	-0.0090881	14.288
1	2021-11-30 04:09:00	-0.0094857	-0.010224	-0.0079521	14.267
1	2021-11-30 04:10:00	-0.0094479	-0.010224	-0.0090881	14.304
1	2021-11-30 04:11:00	-0.0095425	-0.010224	-0.0090881	14.318
1	2021-11-30 04:12:00	-0.0095615	-0.010224	-0.0090881	14.222
1	2021-11-30 04:13:00	-0.0097508	-0.010224	-0.0090881	14.298
1	2021-11-30 04:14:00	-0.010016	-0.010224	-0.0090881	14.274
1	2021-11-30 04:15:00	-0.0099402	-0.010224	-0.0090881	14.227
1	2021-11-30 04:16:00	-0.0099591	-0.010224	-0.0090881	14.241
1	2021-11-30 04:17:00	-0.0096751	-0.010224	-0.0090881	14.301
1	2021-11-30 04:18:00	-0.0098644	-0.01136	-0.0090881	14.274
1	2021-11-30 04:19:00	-0.0099212	-0.010224	-0.0090881	14.175
1	2021-11-30 04:20:00	-0.009997	-0.010224	-0.0090881	14.224
1	2021-11-30 04:21:00	-0.010111	-0.01136	-0.0090881	14.249
1	2021-11-30 04:22:00	-0.0099402	-0.010224	-0.0090881	14.234
1	2021-11-30 04:23:00	-0.010035	-0.010224	-0.0090881	14.241
1	2021-11-30 04:24:00	-0.009997	-0.010224	-0.0090881	14.24
1	2021-11-30 04:25:00	-0.010054	-0.010224	-0.0090881	14.177
1	2021-11-30 04:26:00	-0.010148	-0.010224	-0.0090881	14.236
1	2021-11-30 04:27:00	-0.010186	-0.010224	-0.0090881	14.243
1	2021-11-30 04:28:00	-0.010186	-0.010224	-0.0090881	14.211
1	2021-11-30 04:29:00	-0.010224	-0.010224	-0.010224	14.244
1	2021-11-30 04:30:00	-0.010205	-0.010224	-0.0090881	14.217
1	2021-11-30 04:31:00	-0.010205	-0.010224	-0.0090881	14.267
1	2021-11-30 04:32:00	-0.010205	-0.010224	-0.0090881	14.229
1	2021-11-30 04:33:00	-0.010205	-0.010224	-0.0090881	14.227
1	2021-11-30 04:34:00	-0.010205	-0.01136	-0.0090881	14.228
1	2021-11-30 04:35:00	-0.010205	-0.010224	-0.0090881	14.235
1	2021-11-30 04:36:00	-0.010205	-0.010224	-0.0090881	14.301
1	2021-11-30 04:37:00	-0.010205	-0.010224	-0.0090881	14.275
1	2021-11-30 04:38:00	-0.010205	-0.010224	-0.0090881	14.29
1	2021-11-30 04:39:00	-0.010205	-0.010224	-0.0090881	14.232
1	2021-11-30 04:40:00	-0.010224	-0.010224	-0.010224	14.268
1	2021-11-30 04:41:00	-0.010224	-0.010224	-0.010224	14.29
1	2021-11-30 04:42:00	-0.010224	-0.01136	-0.0090881	14.249
1	2021-11-30 04:43:00	-0.010224	-0.010224	-0.010224	14.242
1	2021-11-30 04:44:00	-0.010243	-0.01136	-0.010224	14.248
1	2021-11-30 04:45:00	-0.010224	-0.010224	-0.010224	14.275
1	2021-11-30 04:46:00	-0.010224	-0.010224	-0.010224	14.227
1	2021-11-30 04:47:00	-0.010224	-0.010224	-0.010224	14.196
1	2021-11-30 04:48:00	-0.010224	-0.010224	-0.010224	14.235
1	2021-11-30 04:49:00	-0.010262	-0.01136	-0.010224	14.226
1	2021-11-30 04:50:00	-0.010262	-0.01136	-0.010224	14.197
1	2021-11-30 04:51:00	-0.010281	-0.01136	-0.010224	14.224
1	2021-11-30 04:52:00	-0.010319	-0.01136	-0.010224	14.271
1	2021-11-30 04:53:00	-0.010432	-0.01136	-0.010224	14.346
1	2021-11-30 04:54:00	-0.010319	-0.01136	-0.010224	14.322
1	2021-11-30 04:55:00	-0.010243	-0.01136	-0.010224	14.277
1	2021-11-30 04:56:00	-0.010262	-0.01136	-0.010224	14.245
1	2021-11-30 04:57:00	-0.010319	-0.01136	-0.010224	14.262
1	2021-11-30 04:58:00	-0.0103	-0.01136	-0.010224	14.175
1	2021-11-30 04:59:00	-0.010338	-0.01136	-0.010224	14.246
1	2021-11-30 05:00:00	-0.010376	-0.01136	-0.010224	14.19
1	2021-11-30 05:01:00	-0.0103	-0.01136	-0.0090881	14.233
1	2021-11-30 05:02:00	-0.010451	-0.01136	-0.010224	14.227
1	2021-11-30 05:03:00	-0.010281	-0.01136	-0.010224	14.242
1	2021-11-30 05:04:00	-0.010584	-0.01136	-0.010224	14.181
1	2021-11-30 05:05:00	-0.010319	-0.01136	-0.010224	14.264
1	2021-11-30 05:06:00	-0.010243	-0.01136	-0.010224	14.259
1	2021-11-30 05:07:00	-0.010281	-0.01136	-0.010224	14.23
1	2021-11-30 05:08:00	-0.010281	-0.01136	-0.010224	14.162
1	2021-11-30 05:09:00	-0.010376	-0.01136	-0.010224	14.236
1	2021-11-30 05:10:00	-0.010281	-0.01136	-0.010224	14.254
1	2021-11-30 05:11:00	-0.010224	-0.010224	-0.010224	14.254
1	2021-11-30 05:12:00	-0.010262	-0.01136	-0.010224	14.262
1	2021-11-30 05:13:00	-0.010224	-0.01136	-0.0090881	14.247
1	2021-11-30 05:14:00	-0.010224	-0.010224	-0.010224	14.233
1	2021-11-30 05:15:00	-0.010243	-0.01136	-0.010224	14.274
1	2021-11-30 05:16:00	-0.010224	-0.010224	-0.010224	14.213
1	2021-11-30 05:17:00	-0.010262	-0.01136	-0.010224	14.245
1	2021-11-30 05:18:00	-0.010243	-0.01136	-0.010224	14.202
1	2021-11-30 05:19:00	-0.010224	-0.010224	-0.010224	14.209
1	2021-11-30 05:20:00	-0.010224	-0.010224	-0.010224	14.258
1	2021-11-30 05:21:00	-0.010224	-0.010224	-0.010224	14.242
1	2021-11-30 05:22:00	-0.010224	-0.010224	-0.010224	14.239
1	2021-11-30 05:23:00	-0.010224	-0.01136	-0.0090881	14.224
1	2021-11-30 05:24:00	-0.010243	-0.01136	-0.010224	14.213
1	2021-11-30 05:25:00	-0.010243	-0.01136	-0.010224	14.291
1	2021-11-30 05:26:00	-0.010224	-0.010224	-0.010224	14.217
1	2021-11-30 05:27:00	-0.010262	-0.01136	-0.010224	14.275
1	2021-11-30 05:28:00	-0.010224	-0.010224	-0.010224	14.255
1	2021-11-30 05:29:00	-0.010262	-0.01136	-0.010224	14.218
1	2021-11-30 05:30:00	-0.010243	-0.01136	-0.010224	14.235
1	2021-11-30 05:31:00	-0.010243	-0.01136	-0.010224	14.296
1	2021-11-30 05:32:00	-0.010262	-0.01136	-0.010224	14.276
1	2021-11-30 05:33:00	-0.010281	-0.01136	-0.010224	14.256
1	2021-11-30 05:34:00	-0.010262	-0.01136	-0.010224	14.263
1	2021-11-30 05:35:00	-0.010243	-0.01136	-0.010224	14.261
1	2021-11-30 05:36:00	-0.010243	-0.01136	-0.010224	14.243
1	2021-11-30 05:37:00	-0.010262	-0.01136	-0.010224	14.327
1	2021-11-30 05:38:00	-0.010224	-0.010224	-0.010224	14.301
1	2021-11-30 05:39:00	-0.010243	-0.01136	-0.010224	14.26
1	2021-11-30 05:40:00	-0.010243	-0.01136	-0.0090881	14.322
1	2021-11-30 05:41:00	-0.010281	-0.01136	-0.010224	14.267
1	2021-11-30 05:42:00	-0.010262	-0.01136	-0.010224	14.2
1	2021-11-30 05:43:00	-0.010243	-0.01136	-0.010224	14.245
1	2021-11-30 05:44:00	-0.010243	-0.01136	-0.010224	14.288
1	2021-11-30 05:45:00	-0.010224	-0.010224	-0.010224	14.269
1	2021-11-30 05:46:00	-0.010243	-0.01136	-0.010224	14.218
1	2021-11-30 05:47:00	-0.010243	-0.01136	-0.010224	14.286
1	2021-11-30 05:48:00	-0.010243	-0.01136	-0.010224	14.253
1	2021-11-30 05:49:00	-0.010243	-0.01136	-0.0090881	14.275
1	2021-11-30 05:50:00	-0.010281	-0.01136	-0.010224	14.322
1	2021-11-30 05:51:00	-0.010243	-0.01136	-0.010224	14.326
1	2021-11-30 05:52:00	-0.010224	-0.010224	-0.010224	14.286
1	2021-11-30 05:53:00	-0.010319	-0.01136	-0.010224	14.207
1	2021-11-30 05:54:00	-0.010338	-0.01136	-0.010224	14.217
1	2021-11-30 05:55:00	-0.0103	-0.01136	-0.010224	14.2
1	2021-11-30 05:56:00	-0.010338	-0.01136	-0.010224	14.216
1	2021-11-30 05:57:00	-0.010603	-0.01136	-0.0090881	14.247
1	2021-11-30 05:58:00	-0.010565	-0.012496	-0.010224	14.246
1	2021-11-30 05:59:00	-0.010395	-0.01136	-0.010224	14.249
1	2021-11-30 06:00:00	-0.010451	-0.01136	-0.010224	14.243
1	2021-11-30 06:01:00	-0.0103	-0.01136	-0.010224	14.205
1	2021-11-30 06:02:00	-0.010527	-0.01136	-0.010224	14.228
1	2021-11-30 06:03:00	-0.010376	-0.01136	-0.010224	14.228
1	2021-11-30 06:04:00	-0.010527	-0.01136	-0.010224	14.253
1	2021-11-30 06:05:00	-0.010489	-0.01136	-0.010224	14.191
1	2021-11-30 06:06:00	-0.010508	-0.01136	-0.010224	14.252
1	2021-11-30 06:07:00	-0.010395	-0.01136	-0.010224	14.289
1	2021-11-30 06:08:00	-0.010432	-0.01136	-0.010224	14.29
1	2021-11-30 06:09:00	-0.010338	-0.01136	-0.010224	14.234
1	2021-11-30 06:10:00	-0.010262	-0.01136	-0.010224	14.196
1	2021-11-30 06:11:00	-0.010262	-0.01136	-0.010224	14.223
1	2021-11-30 06:12:00	-0.010224	-0.010224	-0.010224	14.245
1	2021-11-30 06:13:00	-0.010243	-0.01136	-0.010224	14.233
1	2021-11-30 06:14:00	-0.010224	-0.010224	-0.010224	14.212
1	2021-11-30 06:15:00	-0.010243	-0.01136	-0.010224	14.247
1	2021-11-30 06:16:00	-0.010224	-0.010224	-0.010224	14.194
1	2021-11-30 06:17:00	-0.010186	-0.01136	-0.0090881	14.256
1	2021-11-30 06:18:00	-0.010167	-0.010224	-0.0090881	14.242
1	2021-11-30 06:19:00	-0.010205	-0.010224	-0.0090881	14.278
1	2021-11-30 06:20:00	-0.010186	-0.010224	-0.0090881	14.303
1	2021-11-30 06:21:00	-0.010224	-0.010224	-0.010224	14.327
1	2021-11-30 06:22:00	-0.010224	-0.010224	-0.010224	14.322
1	2021-11-30 06:23:00	-0.010205	-0.010224	-0.0090881	14.271
1	2021-11-30 06:24:00	-0.010224	-0.010224	-0.010224	14.206
1	2021-11-30 06:25:00	-0.010205	-0.010224	-0.0090881	14.271
1	2021-11-30 06:26:00	-0.010224	-0.010224	-0.010224	14.269
1	2021-11-30 06:27:00	-0.010243	-0.01136	-0.010224	14.217
1	2021-11-30 06:28:00	-0.010262	-0.01136	-0.010224	14.282
1	2021-11-30 06:29:00	-0.0099401	-0.010224	-0.0090881	14.269
1	2021-11-30 06:30:00	-0.010224	-0.010224	-0.010224	14.287
1	2021-11-30 06:31:00	-0.010224	-0.010224	-0.010224	14.217
1	2021-11-30 06:32:00	-0.010224	-0.010224	-0.010224	14.189
1	2021-11-30 06:33:00	-0.010224	-0.010224	-0.010224	14.183
1	2021-11-30 06:34:00	-0.010224	-0.010224	-0.010224	14.2
1	2021-11-30 06:35:00	-0.010224	-0.010224	-0.010224	14.186
1	2021-11-30 06:36:00	-0.010224	-0.010224	-0.010224	14.231
1	2021-11-30 06:37:00	-0.010224	-0.010224	-0.010224	14.222
1	2021-11-30 06:38:00	-0.010224	-0.01136	-0.0090881	14.193
1	2021-11-30 06:39:00	-0.010224	-0.010224	-0.010224	14.217
1	2021-11-30 06:40:00	-0.010224	-0.010224	-0.010224	14.227
1	2021-11-30 06:41:00	-0.010224	-0.010224	-0.010224	14.212
1	2021-11-30 06:42:00	-0.010224	-0.010224	-0.010224	14.254
1	2021-11-30 06:43:00	-0.010224	-0.010224	-0.010224	14.246
1	2021-11-30 06:44:00	-0.010224	-0.010224	-0.010224	14.256
1	2021-11-30 06:45:00	-0.010224	-0.010224	-0.010224	14.273
1	2021-11-30 06:46:00	-0.010224	-0.010224	-0.010224	14.217
1	2021-11-30 06:47:00	-0.0099402	-0.010224	-0.0090881	14.242
1	2021-11-30 06:48:00	-0.010281	-0.01136	-0.010224	14.216
1	2021-11-30 06:49:00	-0.010224	-0.010224	-0.010224	14.254
1	2021-11-30 06:50:00	-0.010224	-0.010224	-0.010224	14.255
1	2021-11-30 06:51:00	-0.0103	-0.01136	-0.010224	14.221
1	2021-11-30 06:52:00	-0.010281	-0.01136	-0.010224	14.238
1	2021-11-30 06:53:00	-0.010243	-0.01136	-0.010224	14.282
1	2021-11-30 06:54:00	-0.010224	-0.010224	-0.010224	14.253
1	2021-11-30 06:55:00	-0.010243	-0.01136	-0.010224	14.304
1	2021-11-30 06:56:00	-0.010224	-0.010224	-0.010224	14.329
1	2021-11-30 06:57:00	-0.010224	-0.01136	-0.0090881	14.322
1	2021-11-30 06:58:00	-0.010205	-0.010224	-0.0090881	14.299
1	2021-11-30 06:59:00	-0.010205	-0.010224	-0.0090881	14.278
1	2021-11-30 07:00:00	-0.010224	-0.010224	-0.010224	14.26
1	2021-11-30 07:01:00	-0.010224	-0.010224	-0.010224	14.246
1	2021-11-30 07:02:00	-0.010186	-0.010224	-0.0090881	14.264
1	2021-11-30 07:03:00	-0.010205	-0.010224	-0.0090881	14.213
1	2021-11-30 07:04:00	-0.010205	-0.010224	-0.0090881	14.3
1	2021-11-30 07:05:00	-0.010224	-0.010224	-0.010224	14.245
1	2021-11-30 07:06:00	-0.010243	-0.01136	-0.010224	14.237
1	2021-11-30 07:07:00	-0.010243	-0.01136	-0.010224	14.196
1	2021-11-30 07:08:00	-0.010224	-0.010224	-0.010224	14.197
1	2021-11-30 07:09:00	-0.010224	-0.010224	-0.010224	14.237
1	2021-11-30 07:10:00	-0.010224	-0.010224	-0.010224	14.194
1	2021-11-30 07:11:00	-0.010224	-0.010224	-0.010224	14.242
1	2021-11-30 07:12:00	-0.010243	-0.01136	-0.010224	14.238
1	2021-11-30 07:13:00	-0.010243	-0.01136	-0.010224	14.242
1	2021-11-30 07:14:00	-0.010224	-0.01136	-0.0090881	14.243
1	2021-11-30 07:15:00	-0.010224	-0.010224	-0.010224	14.224
1	2021-11-30 07:16:00	-0.010073	-0.010224	-0.0090881	14.202
1	2021-11-30 07:17:00	-0.010092	-0.010224	-0.0090881	14.24
1	2021-11-30 07:18:00	-0.010224	-0.010224	-0.010224	14.24
1	2021-11-30 07:19:00	-0.010224	-0.010224	-0.010224	14.262
1	2021-11-30 07:20:00	-0.010224	-0.010224	-0.010224	14.258
1	2021-11-30 07:21:00	-0.010224	-0.010224	-0.010224	14.245
1	2021-11-30 07:22:00	-0.010224	-0.010224	-0.010224	14.244
1	2021-11-30 07:23:00	-0.010243	-0.01136	-0.010224	14.298
1	2021-11-30 07:24:00	-0.010224	-0.010224	-0.010224	14.27
1	2021-11-30 07:25:00	-0.010224	-0.01136	-0.0090881	14.202
1	2021-11-30 07:26:00	-0.010224	-0.010224	-0.010224	14.231
1	2021-11-30 07:27:00	-0.010243	-0.01136	-0.010224	14.241
1	2021-11-30 07:28:00	-0.010243	-0.01136	-0.010224	14.258
1	2021-11-30 07:29:00	-0.010243	-0.01136	-0.010224	14.233
1	2021-11-30 07:30:00	-0.010262	-0.01136	-0.010224	14.26
1	2021-11-30 07:31:00	-0.010224	-0.010224	-0.010224	14.206
1	2021-11-30 07:32:00	-0.010224	-0.010224	-0.010224	14.302
1	2021-11-30 07:33:00	-0.010243	-0.01136	-0.010224	14.298
1	2021-11-30 07:34:00	-0.010243	-0.01136	-0.010224	14.298
1	2021-11-30 07:35:00	-0.010243	-0.01136	-0.010224	14.283
1	2021-11-30 07:36:00	-0.010281	-0.01136	-0.010224	14.297
1	2021-11-30 07:37:00	-0.010376	-0.01136	-0.010224	14.298
1	2021-11-30 07:38:00	-0.010319	-0.01136	-0.010224	14.277
1	2021-11-30 07:39:00	-0.010281	-0.01136	-0.010224	14.243
1	2021-11-30 07:40:00	-0.010281	-0.01136	-0.010224	14.239
1	2021-11-30 07:41:00	-0.010243	-0.01136	-0.010224	14.193
1	2021-11-30 07:42:00	-0.009978	-0.01136	-0.0090881	14.22
1	2021-11-30 07:43:00	-0.010376	-0.01136	-0.010224	14.248
1	2021-11-30 07:44:00	-0.010319	-0.01136	-0.010224	14.242
1	2021-11-30 07:45:00	-0.010111	-0.01136	-0.0090881	14.221
1	2021-11-30 07:46:00	-0.010111	-0.01136	-0.0090881	14.222
1	2021-11-30 07:47:00	-0.010054	-0.01136	-0.0090881	14.218
1	2021-11-30 07:48:00	-0.0103	-0.01136	-0.010224	14.264
1	2021-11-30 07:49:00	-0.010224	-0.010224	-0.010224	14.215
1	2021-11-30 07:50:00	-0.0103	-0.01136	-0.010224	14.223
1	2021-11-30 07:51:00	-0.010224	-0.01136	-0.0090881	14.222
1	2021-11-30 07:52:00	-0.010224	-0.010224	-0.010224	14.197
1	2021-11-30 07:53:00	-0.010243	-0.01136	-0.010224	14.23
1	2021-11-30 07:54:00	-0.010281	-0.01136	-0.010224	14.292
1	2021-11-30 07:55:00	-0.010281	-0.01136	-0.010224	14.324
1	2021-11-30 07:56:00	-0.010281	-0.01136	-0.010224	14.277
1	2021-11-30 07:57:00	-0.010243	-0.01136	-0.010224	14.254
1	2021-11-30 07:58:00	-0.010224	-0.010224	-0.010224	14.28
1	2021-11-30 07:59:00	-0.010224	-0.010224	-0.010224	14.25
1	2021-11-30 08:00:00	-0.010243	-0.01136	-0.010224	14.253
1	2021-11-30 08:01:00	-4.9734	-37.235	-0.0090881	14.3
1	2021-11-30 08:02:00	-4.353	-37.235	-0.010224	14.288
1	2021-11-30 08:03:00	-0.010243	-0.01136	-0.010224	14.298
1	2021-11-30 08:04:00	-0.0103	-0.01136	-0.010224	14.285
1	2021-11-30 08:05:00	-0.010224	-0.010224	-0.010224	14.226
1	2021-11-30 08:06:00	-0.010262	-0.01136	-0.010224	14.243
1	2021-11-30 08:07:00	-0.010262	-0.01136	-0.010224	14.189
1	2021-11-30 08:08:00	-0.0103	-0.01136	-0.010224	14.204
1	2021-11-30 08:09:00	-0.010243	-0.01136	-0.010224	14.196
1	2021-11-30 08:10:00	-0.010224	-0.01136	-0.0090881	14.228
1	2021-11-30 08:11:00	-0.010243	-0.01136	-0.010224	14.322
1	2021-11-30 08:12:00	-0.010224	-0.010224	-0.010224	14.302
1	2021-11-30 08:13:00	-0.010376	-0.01136	-0.010224	14.292
1	2021-11-30 08:14:00	-0.009978	-0.01136	-0.0090881	14.269
1	2021-11-30 08:15:00	-9.3163	-37.234	-0.010224	14.234
1	2021-11-30 08:16:00	-0.0099591	-0.010224	-0.0090881	14.278
1	2021-11-30 08:17:00	-0.010262	-0.01136	-0.010224	14.201
1	2021-11-30 08:18:00	-0.010243	-0.01136	-0.010224	14.247
1	2021-11-30 08:19:00	-0.010224	-0.01136	-0.0090881	14.244
1	2021-11-30 08:20:00	-0.010243	-0.01136	-0.010224	14.259
1	2021-11-30 08:21:00	-0.010262	-0.01136	-0.010224	14.224
1	2021-11-30 08:22:00	-0.010224	-0.010224	-0.010224	14.269
1	2021-11-30 08:23:00	-0.010281	-0.01136	-0.010224	14.289
1	2021-11-30 08:24:00	-0.010224	-0.010224	-0.010224	14.255
1	2021-11-30 08:25:00	-0.010357	-0.01136	-0.010224	14.196
1	2021-11-30 08:26:00	-0.010338	-0.01136	-0.010224	14.264
1	2021-11-30 08:27:00	-0.010281	-0.01136	-0.010224	14.238
1	2021-11-30 08:28:00	-9.3163	-37.234	-0.010224	14.217
1	2021-11-30 08:29:00	-0.010243	-0.01136	-0.010224	14.26
1	2021-11-30 08:30:00	-0.009997	-0.01136	-0.0090881	14.227
1	2021-11-30 08:31:00	-0.010262	-0.01136	-0.010224	14.238
1	2021-11-30 08:32:00	-0.010243	-0.01136	-0.010224	14.216
1	2021-11-30 08:33:00	-0.010262	-0.01136	-0.010224	14.222
1	2021-11-30 08:34:00	-0.010243	-0.01136	-0.010224	14.247
1	2021-11-30 08:35:00	-0.010243	-0.01136	-0.010224	14.257
1	2021-11-30 08:36:00	-0.010092	-0.01136	-0.0090881	14.25
1	2021-11-30 08:37:00	-0.010092	-0.010224	-0.0090881	14.264
1	2021-11-30 08:38:00	-0.010224	-0.01136	-0.0090881	14.275
1	2021-11-30 08:39:00	-0.010224	-0.010224	-0.010224	14.252
1	2021-11-30 08:40:00	-0.010243	-0.01136	-0.010224	14.306
1	2021-11-30 08:41:00	-0.010224	-0.010224	-0.010224	14.25
1	2021-11-30 08:42:00	-0.010224	-0.010224	-0.010224	14.202
1	2021-11-30 08:43:00	-0.010224	-0.010224	-0.010224	14.264
1	2021-11-30 08:44:00	-9.3162	-37.234	-0.010224	14.218
1	2021-11-30 08:45:00	-0.010205	-0.010224	-0.0090881	14.272
1	2021-11-30 08:46:00	-0.0099591	-0.01136	-0.0090881	14.267
1	2021-11-30 08:47:00	-0.010243	-0.01136	-0.0090881	14.261
1	2021-11-30 08:48:00	-0.0096751	-0.010224	-0.0090881	14.272
1	2021-11-30 08:49:00	-0.010262	-0.01136	-0.010224	14.33
1	2021-11-30 08:50:00	-0.009997	-0.01136	-0.0090881	14.295
1	2021-11-30 08:51:00	-0.010243	-0.01136	-0.010224	14.254
1	2021-11-30 08:52:00	-0.010281	-0.01136	-0.010224	14.337
1	2021-11-30 08:53:00	-0.0103	-0.01136	-0.010224	14.322
1	2021-11-30 08:54:00	-0.0103	-0.01136	-0.010224	14.285
1	2021-11-30 08:55:00	-0.009997	-0.01136	-0.0090881	14.293
1	2021-11-30 08:56:00	-0.010205	-0.01136	-0.0090881	14.288
1	2021-11-30 08:57:00	-0.010148	-0.01136	-0.0090881	14.225
1	2021-11-30 08:58:00	-0.010262	-0.01136	-0.010224	14.323
1	2021-11-30 08:59:00	-0.010224	-0.010224	-0.010224	14.268
1	2021-11-30 09:00:00	-0.010243	-0.01136	-0.010224	14.244
1	2021-11-30 09:01:00	-0.010319	-0.01136	-0.010224	14.275
1	2021-11-30 09:02:00	-0.0103	-0.01136	-0.010224	14.28
1	2021-11-30 09:03:00	-0.010262	-0.01136	-0.0090881	14.259
1	2021-11-30 09:04:00	-0.0103	-0.012496	-0.010224	14.269
1	2021-11-30 09:05:00	-0.010281	-0.01136	-0.010224	14.258
1	2021-11-30 09:06:00	-0.010054	-0.01136	-0.0090881	14.248
1	2021-11-30 09:07:00	-0.010224	-0.010224	-0.010224	14.301
1	2021-11-30 09:08:00	-0.010319	-0.01136	-0.010224	14.262
1	2021-11-30 09:09:00	-0.010319	-0.01136	-0.010224	14.283
1	2021-11-30 09:10:00	-0.010262	-0.01136	-0.010224	14.269
1	2021-11-30 09:11:00	-0.010319	-0.01136	-0.010224	14.313
1	2021-11-30 09:12:00	-0.010319	-0.01136	-0.010224	14.27
1	2021-11-30 09:13:00	-0.010357	-0.01136	-0.010224	14.266
1	2021-11-30 09:14:00	-0.0099401	-0.010224	-0.0090881	14.228
1	2021-11-30 09:15:00	-0.010338	-0.01136	-0.010224	14.316
1	2021-11-30 09:16:00	-0.010622	-0.01136	-0.010224	14.327
1	2021-11-30 09:17:00	-0.010697	-0.01136	-0.010224	14.305
1	2021-11-30 09:18:00	-0.010716	-0.01136	-0.010224	14.269
1	2021-11-30 09:19:00	-0.01083	-0.01136	-0.0090881	14.237
1	2021-11-30 09:20:00	-0.010906	-0.01136	-0.0090881	14.261
1	2021-11-30 09:21:00	-0.010868	-0.01136	-0.0090881	14.249
1	2021-11-30 09:22:00	-0.011114	-0.01136	-0.010224	14.218
1	2021-11-30 09:23:00	-4.9736	-37.235	-0.0090881	14.241
1	2021-11-30 09:24:00	-4.3532	-37.235	-0.0090881	14.225
1	2021-11-30 09:25:00	-0.011019	-0.01136	-0.010224	14.327
1	2021-11-30 09:26:00	-0.010773	-0.01136	-0.0090881	14.283
1	2021-11-30 09:27:00	-0.010792	-0.01136	-0.010224	14.269
1	2021-11-30 09:28:00	-0.010792	-0.01136	-0.010224	14.297
1	2021-11-30 09:29:00	-0.010925	-0.01136	-0.010224	14.318
1	2021-11-30 09:30:00	-0.01066	-0.01136	-0.010224	14.291
1	2021-11-30 09:31:00	-0.010963	-0.012496	-0.010224	14.29
1	2021-11-30 09:32:00	-0.010716	-0.012496	-0.010224	14.248
1	2021-11-30 09:33:00	-0.010735	-0.01136	-0.010224	14.252
1	2021-11-30 09:34:00	-0.010243	-0.01136	-0.010224	14.212
1	2021-11-30 09:35:00	-0.010262	-0.01136	-0.010224	14.245
1	2021-11-30 09:36:00	-0.010262	-0.01136	-0.010224	14.258
1	2021-11-30 09:37:00	-0.010281	-0.01136	-0.010224	14.249
1	2021-11-30 09:38:00	-0.010224	-0.01136	-0.0090881	14.241
1	2021-11-30 09:39:00	-0.0103	-0.01136	-0.010224	14.237
1	2021-11-30 09:40:00	-0.010618	-0.012496	-0.010224	14.22
1	2021-11-30 09:41:00	-9.3165	-37.236	-0.010224	14.191
1	2021-11-30 09:42:00	-0.010338	-0.01136	-0.010224	14.131
1	2021-11-30 09:43:00	-0.010281	-0.01136	-0.010224	14.19
1	2021-11-30 09:44:00	-0.010489	-0.01136	-0.010224	14.194
1	2021-11-30 09:45:00	-0.010697	-0.01136	-0.010224	14.236
1	2021-11-30 09:46:00	-0.010944	-0.01136	-0.010224	14.264
1	2021-11-30 09:47:00	-0.010792	-0.01136	-0.0090881	14.209
1	2021-11-30 09:48:00	-0.010981	-0.01136	-0.010224	14.207
1	2021-11-30 09:49:00	-0.010868	-0.01136	-0.010224	14.234
1	2021-11-30 09:50:00	-0.011114	-0.01136	-0.010224	14.182
1	2021-11-30 09:51:00	-0.011095	-0.01136	-0.010224	14.173
1	2021-11-30 09:52:00	-0.011114	-0.01136	-0.010224	14.208
1	2021-11-30 09:53:00	-0.011209	-0.01136	-0.010224	14.171
1	2021-11-30 09:54:00	-0.010963	-0.01136	-0.010224	14.226
1	2021-11-30 09:55:00	-0.011038	-0.01136	-0.010224	14.211
1	2021-11-30 09:56:00	-0.011152	-0.01136	-0.010224	14.186
1	2021-11-30 09:57:00	-0.011095	-0.01136	-0.010224	14.202
1	2021-11-30 09:58:00	-0.011247	-0.012496	-0.010224	14.179
1	2021-11-30 09:59:00	-0.011247	-0.01136	-0.010224	14.17
1	2021-11-30 10:00:00	-0.01136	-0.01136	-0.01136	14.2
1	2021-11-30 10:01:00	-0.011303	-0.01136	-0.010224	14.174
1	2021-11-30 10:02:00	-0.01119	-0.01136	-0.010224	14.168
1	2021-11-30 10:03:00	-0.011284	-0.01136	-0.010224	14.179
1	2021-11-30 10:04:00	-0.011284	-0.01136	-0.010224	14.222
1	2021-11-30 10:05:00	-0.011303	-0.01136	-0.010224	14.221
1	2021-11-30 10:06:00	-0.011266	-0.01136	-0.010224	14.204
1	2021-11-30 10:07:00	-0.011247	-0.01136	-0.010224	14.191
1	2021-11-30 10:08:00	-0.011247	-0.01136	-0.010224	14.214
1	2021-11-30 10:09:00	-0.011266	-0.01136	-0.010224	14.25
1	2021-11-30 10:10:00	-0.011284	-0.01136	-0.010224	14.175
1	2021-11-30 10:11:00	-0.011341	-0.012496	-0.010224	14.216
1	2021-11-30 10:12:00	-0.011303	-0.01136	-0.010224	14.097
1	2021-11-30 10:13:00	-0.011284	-0.01136	-0.010224	14.162
1	2021-11-30 10:14:00	-0.011303	-0.01136	-0.010224	14.142
1	2021-11-30 10:15:00	-0.01119	-0.01136	-0.010224	14.207
1	2021-11-30 10:16:00	-0.011209	-0.01136	-0.010224	14.197
1	2021-11-30 10:17:00	-0.011247	-0.01136	-0.010224	14.264
1	2021-11-30 10:18:00	-0.01136	-0.01136	-0.01136	14.347
1	2021-11-30 10:19:00	-0.01136	-0.01136	-0.01136	14.228
1	2021-11-30 10:20:00	-0.011322	-0.01136	-0.010224	14.213
1	2021-11-30 10:21:00	-0.01136	-0.01136	-0.01136	14.235
1	2021-11-30 10:22:00	-0.011379	-0.012496	-0.01136	14.276
1	2021-11-30 10:23:00	-0.011417	-0.012496	-0.01136	14.276
1	2021-11-30 10:24:00	-0.011436	-0.012496	-0.01136	14.296
1	2021-11-30 10:25:00	-0.011398	-0.012496	-0.01136	14.224
1	2021-11-30 10:26:00	-0.011398	-0.012496	-0.01136	14.203
1	2021-11-30 10:27:00	-0.011379	-0.012496	-0.01136	14.22
1	2021-11-30 10:28:00	-0.011398	-0.012496	-0.01136	14.178
1	2021-11-30 10:29:00	-0.01136	-0.01136	-0.01136	14.152
1	2021-11-30 10:30:00	-0.01136	-0.01136	-0.01136	14.168
1	2021-11-30 10:31:00	-0.011341	-0.01136	-0.010224	14.183
1	2021-11-30 10:32:00	-0.011341	-0.01136	-0.010224	14.149
1	2021-11-30 10:33:00	-0.011322	-0.01136	-0.010224	14.165
1	2021-11-30 10:34:00	-0.011322	-0.01136	-0.010224	14.263
1	2021-11-30 10:35:00	-0.011322	-0.01136	-0.010224	14.203
1	2021-11-30 10:36:00	-0.01136	-0.012496	-0.010224	14.17
1	2021-11-30 10:37:00	-0.011379	-0.012496	-0.01136	14.152
1	2021-11-30 10:38:00	-0.01136	-0.01136	-0.01136	14.143
1	2021-11-30 10:39:00	-0.01136	-0.01136	-0.01136	14.159
1	2021-11-30 10:40:00	-0.01136	-0.01136	-0.01136	14.134
1	2021-11-30 10:41:00	-0.011341	-0.01136	-0.010224	14.18
1	2021-11-30 10:42:00	-0.01136	-0.01136	-0.01136	14.237
1	2021-11-30 10:43:00	-0.01136	-0.01136	-0.01136	14.22
1	2021-11-30 10:44:00	-0.01136	-0.01136	-0.01136	14.207
1	2021-11-30 10:45:00	-0.01136	-0.01136	-0.01136	14.159
1	2021-11-30 10:46:00	-0.011341	-0.012496	-0.010224	14.264
1	2021-11-30 10:47:00	-0.01136	-0.01136	-0.01136	14.191
1	2021-11-30 10:48:00	-0.011303	-0.01136	-0.010224	14.247
1	2021-11-30 10:49:00	-0.01136	-0.01136	-0.01136	14.182
1	2021-11-30 10:50:00	-0.011341	-0.01136	-0.010224	14.212
1	2021-11-30 10:51:00	-0.01136	-0.01136	-0.01136	14.161
1	2021-11-30 10:52:00	-0.011341	-0.01136	-0.010224	14.121
1	2021-11-30 10:53:00	-0.011341	-0.01136	-0.010224	14.174
1	2021-11-30 10:54:00	-0.01136	-0.01136	-0.01136	14.162
1	2021-11-30 10:55:00	-0.01136	-0.01136	-0.01136	14.2
1	2021-11-30 10:56:00	-0.011379	-0.012496	-0.010224	14.208
1	2021-11-30 10:57:00	-0.01136	-0.012496	-0.010224	14.2
1	2021-11-30 10:58:00	-0.01136	-0.01136	-0.01136	14.183
1	2021-11-30 10:59:00	-0.01136	-0.01136	-0.01136	14.114
1	2021-11-30 11:00:00	-0.01136	-0.01136	-0.01136	14.131
1	2021-11-30 11:01:00	-0.01136	-0.01136	-0.01136	14.15
1	2021-11-30 11:02:00	-0.01136	-0.01136	-0.01136	14.17
1	2021-11-30 11:03:00	-0.011398	-0.012496	-0.01136	14.17
1	2021-11-30 11:04:00	-0.011341	-0.01136	-0.010224	14.155
1	2021-11-30 11:05:00	-0.011474	-0.012496	-0.01136	14.127
1	2021-11-30 11:06:00	-0.011398	-0.012496	-0.01136	14.175
1	2021-11-30 11:07:00	-0.011436	-0.012496	-0.01136	14.167
1	2021-11-30 11:08:00	-0.011398	-0.012496	-0.01136	14.195
1	2021-11-30 11:09:00	-0.011625	-0.012496	-0.01136	14.16
1	2021-11-30 11:10:00	-0.011701	-0.012496	-0.01136	14.175
1	2021-11-30 11:11:00	-0.011739	-0.012496	-0.01136	14.122
1	2021-11-30 11:12:00	-0.011796	-0.012496	-0.01136	14.114
1	2021-11-30 11:13:00	-0.011796	-0.012496	-0.010224	14.155
1	2021-11-30 11:14:00	-0.011606	-0.012496	-0.01136	14.153
1	2021-11-30 11:15:00	-0.011568	-0.012496	-0.01136	14.178
1	2021-11-30 11:16:00	-0.011758	-0.012496	-0.01136	14.21
1	2021-11-30 11:17:00	-0.011682	-0.012496	-0.01136	14.259
1	2021-11-30 11:18:00	-0.011947	-0.012496	-0.01136	14.23
1	2021-11-30 11:19:00	-0.01208	-0.012496	-0.01136	14.222
1	2021-11-30 11:20:00	-0.012155	-0.012496	-0.01136	14.141
1	2021-11-30 11:21:00	-0.012231	-0.012496	-0.01136	14.206
1	2021-11-30 11:22:00	-0.012136	-0.012496	-0.01136	14.189
1	2021-11-30 11:23:00	-0.012269	-0.012496	-0.01136	14.223
1	2021-11-30 11:24:00	-0.012288	-0.012496	-0.01136	14.154
1	2021-11-30 11:25:00	-0.012345	-0.012496	-0.01136	14.156
1	2021-11-30 11:26:00	-0.01208	-0.012496	-0.01136	14.162
1	2021-11-30 11:27:00	-0.012212	-0.012496	-0.01136	14.132
1	2021-11-30 11:28:00	-0.012212	-0.012496	-0.01136	14.186
1	2021-11-30 11:29:00	-0.012231	-0.012496	-0.01136	14.178
1	2021-11-30 11:30:00	-0.012042	-0.012496	-0.01136	14.165
1	2021-11-30 11:31:00	-0.012231	-0.013632	-0.010224	14.178
1	2021-11-30 11:32:00	-0.012269	-0.012496	-0.01136	14.179
1	2021-11-30 11:33:00	-0.012307	-0.012496	-0.01136	14.235
1	2021-11-30 11:34:00	-0.012288	-0.012496	-0.01136	14.182
1	2021-11-30 11:35:00	-0.012193	-0.012496	-0.01136	14.22
1	2021-11-30 11:36:00	-0.012307	-0.012496	-0.01136	14.217
1	2021-11-30 11:37:00	-0.012402	-0.012496	-0.01136	14.202
1	2021-11-30 11:38:00	-0.012364	-0.012496	-0.01136	14.185
1	2021-11-30 11:39:00	-0.012439	-0.012496	-0.01136	14.202
1	2021-11-30 11:40:00	-0.012477	-0.012496	-0.01136	14.165
1	2021-11-30 11:41:00	-0.012496	-0.012496	-0.012496	14.14
1	2021-11-30 11:42:00	-0.012477	-0.012496	-0.01136	14.153
1	2021-11-30 11:43:00	-0.012477	-0.012496	-0.01136	14.105
1	2021-11-30 11:44:00	-0.012477	-0.012496	-0.01136	14.172
1	2021-11-30 11:45:00	-0.012496	-0.013632	-0.01136	14.129
1	2021-11-30 11:46:00	-0.012534	-0.013632	-0.012496	14.189
1	2021-11-30 11:47:00	-0.012458	-0.012496	-0.01136	14.181
1	2021-11-30 11:48:00	-0.01242	-0.012496	-0.01136	14.092
1	2021-11-30 11:49:00	-0.012155	-0.012496	-0.01136	14.119
1	2021-11-30 11:50:00	-0.011966	-0.012496	-0.01136	14.074
1	2021-11-30 11:51:00	-0.011815	-0.012496	-0.01136	14.236
1	2021-11-30 11:52:00	-0.011606	-0.012496	-0.01136	14.251
1	2021-11-30 11:53:00	-0.011531	-0.012496	-0.01136	14.243
1	2021-11-30 11:54:00	-0.011758	-0.012496	-0.01136	14.269
1	2021-11-30 11:55:00	-0.011606	-0.012496	-0.01136	14.235
1	2021-11-30 11:56:00	-0.011512	-0.012496	-0.010224	14.237
1	2021-11-30 11:57:00	-0.011228	-0.012496	-0.010224	14.224
1	2021-11-30 11:58:00	-0.010849	-0.01136	-0.0090881	14.152
1	2021-11-30 11:59:00	-0.010432	-0.01136	-0.0090881	14.168
1	2021-11-30 12:00:00	-0.010262	-0.01136	-0.0090881	14.144
1	2021-11-30 12:01:00	-0.010186	-0.010224	-0.0090881	14.184
1	2021-11-30 12:02:00	-0.010129	-0.010224	-0.0090881	14.088
1	2021-11-30 12:03:00	-0.0099402	-0.010224	-0.0090881	14.146
1	2021-11-30 12:04:00	-0.009997	-0.010224	-0.0090881	14.179
1	2021-11-30 12:05:00	-0.0095425	-0.010224	-0.0079521	14.174
1	2021-11-30 12:06:00	-0.0097129	-0.010224	-0.0090881	14.196
1	2021-11-30 12:07:00	-0.0095425	-0.01136	-0.0090881	14.138
1	2021-11-30 12:08:00	-0.0094479	-0.010224	-0.0090881	14.182
1	2021-11-30 12:09:00	-0.0093911	-0.012496	-0.0090881	14.151
1	2021-11-30 12:10:00	-0.0092964	-0.01136	-0.0090881	14.138
1	2021-11-30 12:11:00	-0.0092775	-0.01136	-0.0090881	14.148
1	2021-11-30 12:12:00	-0.0091828	-0.010224	-0.0079521	14.142
1	2021-11-30 12:13:00	-0.0092585	-0.013632	-0.0079521	14.151
1	2021-11-30 12:14:00	-0.0090881	-0.010224	-0.0079521	14.132
1	2021-11-30 12:15:00	-0.0091449	-0.01136	-0.0068161	14.175
1	2021-11-30 12:16:00	-0.0090124	-0.01136	-0.0056801	14.196
1	2021-11-30 12:17:00	-0.0092207	-0.01136	-0.0079521	14.132
1	2021-11-30 12:18:00	-0.0094289	-0.015904	-0.0068161	14.178
1	2021-11-30 12:19:00	-0.0090313	-0.021584	0.001136	14.205
1	2021-11-30 12:20:00	-0.00941	-0.021584	0.0034081	14.202
1	2021-11-30 12:21:00	-0.0092585	-0.01136	-0.0068161	14.253
1	2021-11-30 12:22:00	-0.00799	-0.013632	0.01704	14.19
1	2021-11-30 12:23:00	-0.008558	-0.013632	0.0056801	14.16
1	2021-11-30 12:24:00	-0.0081604	-0.0090881	-0.0034081	14.136
1	2021-11-30 12:25:00	-0.0082551	-0.0090881	-0.0079521	14.123
1	2021-11-30 12:26:00	-0.0081793	-0.0090881	-0.0079521	14.155
1	2021-11-30 12:27:00	-0.0081036	-0.0090881	-0.0079521	14.162
1	2021-11-30 12:28:00	-0.0080657	-0.0090881	-0.0079521	14.223
1	2021-11-30 12:29:00	-0.0085354	-0.0090881	-0.0079521	14.237
1	2021-11-30 12:30:00	-0.0084255	-0.010224	-0.0045441	14.233
1	2021-11-30 12:31:00	-0.0087473	-0.0090881	-0.0079521	14.242
1	2021-11-30 12:32:00	-0.0088231	-0.010224	-0.0079521	14.191
1	2021-11-30 12:33:00	-0.0083876	-0.0090881	0.002272	14.19
1	2021-11-30 12:34:00	-0.0084065	-0.0090881	-0.0068161	14.152
1	2021-11-30 12:35:00	-0.0084065	-0.0090881	-0.0068161	14.222
1	2021-11-30 12:36:00	-0.0086148	-0.0090881	-0.0079521	14.136
1	2021-11-30 12:37:00	-0.0086337	-0.0090881	-0.0079521	14.132
1	2021-11-30 12:38:00	-0.0083876	-0.0090881	-0.0079521	14.144
1	2021-11-30 12:39:00	-0.0084065	-0.0090881	-0.0079521	14.085
1	2021-11-30 12:40:00	-0.0083497	-0.0090881	-0.0068161	14.144
1	2021-11-30 12:41:00	-0.0084823	-0.010224	-0.0079521	14.144
1	2021-11-30 12:42:00	-0.0081793	-0.0090881	-0.0068161	14.086
1	2021-11-30 12:43:00	-0.0081036	-0.0090881	-0.0079521	14.014
1	2021-11-30 12:44:00	-0.0081983	-0.0090881	-0.0079521	14.023
1	2021-11-30 12:45:00	-0.0081604	-0.0090881	-0.0079521	14.08
1	2021-11-30 12:46:00	-0.0085391	-0.0090881	-0.0079521	14.015
1	2021-11-30 12:47:00	-0.0088041	-0.0090881	-0.0079521	14.068
1	2021-11-30 12:48:00	-0.0089556	-0.010224	-0.0079521	14.065
1	2021-11-30 12:49:00	-0.0089367	-0.010224	-0.0079521	14.076
1	2021-11-30 12:50:00	-0.0089177	-0.010224	-0.0079521	14.058
1	2021-11-30 12:51:00	-0.0088609	-0.0090881	-0.0068161	14.042
1	2021-11-30 12:52:00	-0.0089367	-0.01136	-0.0056801	14.066
1	2021-11-30 12:53:00	-0.0089935	-0.024992	-0.0034081	14.106
1	2021-11-30 12:54:00	-0.0087095	-0.010224	-0.0045441	14.193
1	2021-11-30 12:55:00	-0.0085959	-0.01136	-0.001136	14.155
1	2021-11-30 12:56:00	-0.0085391	-0.0090881	-0.0056801	14.099
1	2021-11-30 12:57:00	-0.0085012	-0.0090881	-0.0079521	14.144
1	2021-11-30 12:58:00	-0.0086527	-0.010224	-0.0079521	14.182
1	2021-11-30 12:59:00	-0.0084823	-0.010224	-0.0068161	14.121
1	2021-11-30 13:00:00	-0.0085769	-0.010224	-0.0079521	14.147
1	2021-11-30 13:01:00	0.054207	-0.013632	0.11587	14.085
1	2021-11-30 13:02:00	0.10726	0.10111	0.11587	14.035
1	2021-11-30 13:03:00	0.10745	0.10338	0.11133	14.101
1	2021-11-30 13:04:00	0.11178	0.10451	0.11474	14.092
1	2021-11-30 13:05:00	0.1112	0.10906	0.11474	14.123
1	2021-11-30 13:06:00	0.11212	0.10792	0.11587	14.176
1	2021-11-30 13:07:00	0.1119	0.099969	0.11928	14.159
1	2021-11-30 13:08:00	0.11178	0.10111	0.11474	14.088
1	2021-11-30 13:09:00	0.11224	0.11019	0.11372	14.103
1	2021-11-30 13:10:00	0.11364	0.11133	0.11474	14.05
1	2021-11-30 13:11:00	0.11478	0.11372	0.11587	14.099
1	2021-11-30 13:12:00	0.11506	0.11372	0.11587	14.112
1	2021-11-30 13:13:00	0.11449	0.11372	0.11587	14.07
1	2021-11-30 13:14:00	0.11551	0.11372	0.11815	14.11
1	2021-11-30 13:15:00	0.11527	0.11247	0.11701	14.152
1	2021-11-30 13:16:00	0.11525	0.11372	0.12269	14.099
1	2021-11-30 13:17:00	0.11413	0.11247	0.11815	14.052
1	2021-11-30 13:18:00	0.11459	0.11247	0.11701	14.067
1	2021-11-30 13:19:00	0.1161	0.10792	0.13519	14.071
1	2021-11-30 13:20:00	0.11194	0.10338	0.12155	14.099
1	2021-11-30 13:21:00	0.10749	0.10111	0.11587	14.084
1	2021-11-30 13:22:00	0.10573	0.10111	0.11587	14.098
1	2021-11-30 13:23:00	0.104	0.099969	0.11815	14.134
1	2021-11-30 13:24:00	0.10783	0.10565	0.11247	14.206
1	2021-11-30 13:25:00	0.099875	0.093153	0.11372	14.122
1	2021-11-30 13:26:00	0.10186	0.099969	0.10338	14.097
1	2021-11-30 13:27:00	0.10323	0.10224	0.10451	14.018
1	2021-11-30 13:28:00	0.10544	0.10338	0.11133	14.03
1	2021-11-30 13:29:00	0.10756	0.10451	0.11133	14.011
1	2021-11-30 13:30:00	0.10885	0.10679	0.13178	14.039
1	2021-11-30 13:31:00	0.10932	0.10679	0.11247	14.054
1	2021-11-30 13:32:00	0.11118	0.10906	0.11247	14.021
1	2021-11-30 13:33:00	0.11379	0.11133	0.11701	14.092
1	2021-11-30 13:34:00	0.11567	0.11474	0.11815	14.046
1	2021-11-30 13:35:00	0.11546	0.11372	0.11815	14.11
1	2021-11-30 13:36:00	0.11737	0.11587	0.11928	14.025
1	2021-11-30 13:37:00	0.11693	0.11372	0.12269	14.064
1	2021-11-30 13:38:00	0.11745	0.11587	0.11928	14.035
1	2021-11-30 13:39:00	0.11919	0.11701	0.12155	14.048
1	2021-11-30 13:40:00	0.11898	0.11701	0.12042	14.055
1	2021-11-30 13:41:00	0.11816	0.11587	0.11928	14.07
1	2021-11-30 13:42:00	0.1178	0.11701	0.12042	14.085
1	2021-11-30 13:43:00	0.11771	0.11701	0.11928	14.108
1	2021-11-30 13:44:00	0.11767	0.11587	0.11928	14.099
1	2021-11-30 13:45:00	0.1183	0.11701	0.12042	14.107
1	2021-11-30 13:46:00	0.12027	0.11815	0.12269	14.195
1	2021-11-30 13:47:00	0.12083	0.11928	0.12269	14.214
1	2021-11-30 13:48:00	0.12059	0.11928	0.12269	14.227
1	2021-11-30 13:49:00	0.12172	0.12042	0.12383	14.169
1	2021-11-30 13:50:00	0.12239	0.12155	0.12383	14.193
1	2021-11-30 13:51:00	0.12275	0.12155	0.12496	14.108
1	2021-11-30 13:52:00	0.1228	0.12155	0.12383	14.078
1	2021-11-30 13:53:00	0.12263	0.12155	0.12496	14.098
1	2021-11-30 13:54:00	0.12256	0.12155	0.12383	14.046
1	2021-11-30 13:55:00	0.12278	0.12155	0.12496	14.048
1	2021-11-30 13:56:00	0.12284	0.12155	0.12383	14.085
1	2021-11-30 13:57:00	0.12256	0.12155	0.12496	14.042
1	2021-11-30 13:58:00	0.12335	0.12269	0.1261	14.021
1	2021-11-30 13:59:00	0.12313	0.12155	0.12383	14.05
1	2021-11-30 14:00:00	0.12273	0.12155	0.12383	14.061
1	2021-11-30 14:01:00	0.12174	0.12042	0.12269	14.058
1	2021-11-30 14:02:00	0.12205	0.12042	0.12383	14.082
1	2021-11-30 14:03:00	0.12191	0.12042	0.12269	14.122
1	2021-11-30 14:04:00	0.12169	0.12042	0.12383	14.161
1	2021-11-30 14:05:00	0.12188	0.12042	0.12269	14.081
1	2021-11-30 14:06:00	0.12224	0.12042	0.12383	14.096
1	2021-11-30 14:07:00	0.12125	0.11928	0.12269	14.079
1	2021-11-30 14:08:00	0.12123	0.11928	0.12269	14.167
1	2021-11-30 14:09:00	0.12	0.11815	0.12155	14.191
1	2021-11-30 14:10:00	0.12	0.11815	0.12155	14.169
1	2021-11-30 14:11:00	0.12011	0.11928	0.12155	14.203
1	2021-11-30 14:12:00	0.12089	0.11928	0.12155	14.226
1	2021-11-30 14:13:00	0.11913	0.11372	0.12269	14.191
1	2021-11-30 14:14:00	0.11629	0.11133	0.13405	14.14
1	2021-11-30 14:15:00	0.12331	0.089745	0.13973	14.133
1	2021-11-30 14:16:00	0.10245	0.095425	0.11474	14.173
1	2021-11-30 14:17:00	0.096183	0.081793	0.10679	14.161
1	2021-11-30 14:18:00	0.11194	0.098833	0.12383	14.17
1	2021-11-30 14:19:00	0.10567	0.088609	0.11928	14.142
1	2021-11-30 14:20:00	0.096978	0.090881	0.11133	14.206
1	2021-11-30 14:21:00	0.091525	0.088609	0.094289	14.201
1	2021-11-30 14:22:00	0.09179	0.090881	0.093153	14.226
1	2021-11-30 14:23:00	0.093267	0.090881	0.10224	14.259
1	2021-11-30 14:24:00	0.098171	0.095425	0.11587	14.217
1	2021-11-30 14:25:00	0.094195	0.089745	0.10338	14.281
1	2021-11-30 14:26:00	0.097641	0.088609	0.10451	14.189
1	2021-11-30 14:27:00	0.095236	0.088609	0.10451	14.202
1	2021-11-30 14:28:00	0.09446	0.090881	0.10111	14.143
1	2021-11-30 14:29:00	0.096467	0.092017	0.10338	14.134
1	2021-11-30 14:30:00	0.098265	0.094289	0.10224	14.146
1	2021-11-30 14:31:00	0.098228	0.096561	0.10679	14.148
1	2021-11-30 14:32:00	0.095369	0.092017	0.098833	14.108
1	2021-11-30 14:33:00	0.09321	0.090881	0.095425	14.219
1	2021-11-30 14:34:00	0.093059	0.090881	0.094289	14.175
1	2021-11-30 14:35:00	0.095463	0.092017	0.097697	14.134
1	2021-11-30 14:36:00	0.095577	0.090881	0.097697	14.171
1	2021-11-30 14:37:00	0.094668	0.093153	0.10224	14.222
1	2021-11-30 14:38:00	0.094062	0.092017	0.096561	14.203
1	2021-11-30 14:39:00	0.095293	0.094289	0.096561	14.155
1	2021-11-30 14:40:00	0.09569	0.094289	0.096561	14.23
1	2021-11-30 14:41:00	0.096183	0.094289	0.097697	14.152
1	2021-11-30 14:42:00	0.096921	0.095425	0.098833	14.191
1	2021-11-30 14:43:00	0.097205	0.095425	0.098833	14.223
1	2021-11-30 14:44:00	0.1002	0.097697	0.10224	14.193
1	2021-11-30 14:45:00	0.099761	0.098833	0.10111	14.137
1	2021-11-30 14:46:00	0.10101	0.099969	0.10224	14.196
1	2021-11-30 14:47:00	0.10186	0.10111	0.10338	14.148
1	2021-11-30 14:48:00	0.10271	0.098833	0.11587	14.202
1	2021-11-30 14:49:00	0.10084	0.094289	0.11247	14.164
1	2021-11-30 14:50:00	0.10826	0.10338	0.11372	14.146
1	2021-11-30 14:51:00	0.11411	0.10224	0.12269	14.16
1	2021-11-30 14:52:00	0.12532	0.12155	0.13064	14.17
1	2021-11-30 14:53:00	0.12824	0.12269	0.13291	14.168
1	2021-11-30 14:54:00	0.13538	0.13178	0.13973	14.196
1	2021-11-30 14:55:00	0.1434	0.13859	0.14768	14.197
1	2021-11-30 14:56:00	0.074996	0.037489	0.15223	14.204
1	2021-11-30 14:57:00	0.05682	0.047713	0.067025	14.17
1	2021-11-30 14:58:00	0.078385	0.067025	0.090881	14.262
1	2021-11-30 14:59:00	0.10591	0.092017	0.12155	14.245
1	2021-11-30 15:00:00	0.14024	0.12155	0.16245	14.216
1	2021-11-30 15:01:00	0.19204	0.16245	0.2238	14.223
1	2021-11-30 15:02:00	0.26785	0.22607	0.3124	14.243
1	2021-11-30 15:03:00	0.36508	0.31468	0.41805	14.228
1	2021-11-30 15:04:00	0.47851	0.42033	0.53961	14.17
1	2021-11-30 15:05:00	0.60976	0.54188	0.68047	14.178
1	2021-11-30 15:06:00	0.76596	0.68502	0.85315	14.158
1	2021-11-30 15:07:00	0.95999	0.85542	1.0656	14.123
1	2021-11-30 15:08:00	1.1922	1.0701	1.3144	14.17
1	2021-11-30 15:09:00	1.4439	1.3189	1.5711	14.176
1	2021-11-30 15:10:00	1.699	1.5779	1.8233	14.186
1	2021-11-30 15:11:00	1.9547	1.8301	2.0755	14.175
1	2021-11-30 15:12:00	2.1934	2.0721	2.2891	14.181
1	2021-11-30 15:13:00	2.3786	2.2959	2.4515	14.132
1	2021-11-30 15:14:00	2.5419	2.4481	2.6776	14.188
1	2021-11-30 15:15:00	2.8914	2.6833	3.1275	14.139
1	2021-11-30 15:16:00	3.4112	3.1468	3.7	14.171
1	2021-11-30 15:17:00	4.0764	3.7011	4.51	14.166
1	2021-11-30 15:18:00	5.1594	4.4839	5.9084	14.126
1	2021-11-30 15:19:00	6.6714	5.9391	7.3443	14.173
1	2021-11-30 15:20:00	7.9779	7.3671	8.5417	14.171
1	2021-11-30 15:21:00	9.0347	8.5792	9.4323	14.166
1	2021-11-30 15:22:00	9.8652	9.4392	10.372	14.185
1	2021-11-30 15:23:00	10.909	10.4	11.416	14.17
1	2021-11-30 15:24:00	12.081	11.427	12.794	14.16
1	2021-11-30 15:25:00	13.764	12.787	14.719	14.196
1	2021-11-30 15:26:00	15.149	14.721	15.463	14.195
1	2021-11-30 15:27:00	15.669	15.398	15.949	14.185
1	2021-11-30 15:28:00	16.365	15.975	16.879	14.151
1	2021-11-30 15:29:00	17.676	16.882	18.64	14.15
1	2021-11-30 15:30:00	19.45	18.684	20.177	14.157
1	2021-11-30 15:31:00	21.227	20.228	22.457	14.205
1	2021-11-30 15:32:00	23.971	22.537	25.485	14.201
1	2021-11-30 15:33:00	26.88	25.587	28.372	14.209
1	2021-11-30 15:34:00	29.43	28.2	30.602	14.29
1	2021-11-30 15:35:00	32.313	30.504	34.02	14.281
1	2021-11-30 15:36:00	35.077	34.082	35.853	14.314
1	2021-11-30 15:37:00	36.546	35.785	37.523	14.327
1	2021-11-30 15:38:00	38.77	37.534	40.249	14.278
1	2021-11-30 15:39:00	41.903	40.317	43.578	14.269
1	2021-11-30 15:40:00	45.025	43.657	46.27	14.235
1	2021-11-30 15:41:00	46.367	46.202	46.554	14.159
1	2021-11-30 15:42:00	46.568	45.986	46.827	14.172
1	2021-11-30 15:43:00	44.863	43.612	46.122	14.182
1	2021-11-30 15:44:00	42.844	41.578	43.952	14.145
1	2021-11-30 15:45:00	40.968	40.488	41.68	14.162
1	2021-11-30 15:46:00	40.817	40.454	41.283	14.142
1	2021-11-30 15:47:00	41.867	40.942	42.964	14.137
1	2021-11-30 15:48:00	44.21	42.635	45.566	14.16
1	2021-11-30 15:49:00	46.713	45.588	47.963	14.121
1	2021-11-30 15:50:00	49.853	47.906	51.939	14.138
1	2021-11-30 15:51:00	53.176	51.689	54.245	14.156
1	2021-11-30 15:52:00	54.77	53.995	55.449	14.107
1	2021-11-30 15:53:00	55.146	54.438	55.676	14.122
1	2021-11-30 15:54:00	52.996	51.132	54.62	14.205
1	2021-11-30 15:55:00	51.027	50.337	51.7	14.249
1	2021-11-30 15:56:00	52.308	51.098	53.586	14.196
1	2021-11-30 15:57:00	54.733	53.234	56.085	14.191
1	2021-11-30 15:58:00	57.407	55.619	59.482	14.207
1	2021-11-30 15:59:00	63.09	59.675	67.309	14.181
1	2021-11-30 16:00:00	71.335	67.195	75.079	14.21
1	2021-11-30 16:01:00	79.04	75.443	83.088	14.182
1	2021-11-30 16:02:00	88.023	83.111	93.187	14.206
1	2021-11-30 16:03:00	97.86	93.119	101.67	14.153
1	2021-11-30 16:04:00	106.06	101.84	110.03	14.135
1	2021-11-30 16:05:00	113.56	110.07	117.41	14.136
1	2021-11-30 16:06:00	120.55	116.69	125.08	14.17
1	2021-11-30 16:07:00	129.18	124.44	134.82	14.202
1	2021-11-30 16:08:00	141.85	134.45	150.52	14.16
1	2021-11-30 16:09:00	158.88	149.91	168.71	14.171
1	2021-11-30 16:10:00	177.43	168.22	185.76	14.182
1	2021-11-30 16:11:00	192.21	185.43	197.02	14.161
1	2021-11-30 16:12:00	197.69	195.53	200.35	14.186
1	2021-11-30 16:13:00	192.5	187.11	197.01	14.166
1	2021-11-30 16:14:00	178.25	168.37	186.92	14.135
1	2021-11-30 16:15:00	157.76	146.98	168.22	14.262
1	2021-11-30 16:16:00	140.25	135.74	146.98	14.303
1	2021-11-30 16:17:00	130.8	126.71	135.66	14.269
1	2021-11-30 16:18:00	124.42	122.96	126.54	14.261
1	2021-11-30 16:19:00	123.43	122.38	124.43	14.217
1	2021-11-30 16:20:00	126.34	123.59	129.62	14.221
1	2021-11-30 16:21:00	133.21	129.2	136.92	14.213
1	2021-11-30 16:22:00	136.86	134.46	139.59	14.218
1	2021-11-30 16:23:00	139	135.41	142.84	14.17
1	2021-11-30 16:24:00	147.39	140	155.52	14.213
1	2021-11-30 16:25:00	158.81	152.32	167.11	14.197
1	2021-11-30 16:26:00	170.87	159.2	182.41	14.184
1	2021-11-30 16:27:00	186.51	178.12	194.52	14.149
1	2021-11-30 16:28:00	194.46	189.14	199.64	14.209
1	2021-11-30 16:29:00	195.27	192.03	199.54	14.205
1	2021-11-30 16:30:00	200.43	193.85	207.6	14.189
1	2021-11-30 16:31:00	205.63	202.09	208.87	14.233
1	2021-11-30 16:32:00	191.21	180.24	201.92	14.256
1	2021-11-30 16:33:00	175.66	172.95	179.58	14.249
1	2021-11-30 16:34:00	180.83	175.25	186	14.217
1	2021-11-30 16:35:00	176.56	172.91	180.22	14.235
1	2021-11-30 16:36:00	183.88	178.23	191.03	14.21
1	2021-11-30 16:37:00	204.44	191.38	223.97	14.149
1	2021-11-30 16:38:00	247.66	221.84	280.36	14.147
1	2021-11-30 16:39:00	303.76	279.73	321.21	14.139
1	2021-11-30 16:40:00	309.36	303.59	316.56	14.181
1	2021-11-30 16:41:00	302.9	295.59	313.01	14.196
1	2021-11-30 16:42:00	300.85	296.65	307	14.172
1	2021-11-30 16:43:00	292.94	285.04	303.5	14.162
1	2021-11-30 16:44:00	278.6	271.19	287.23	14.164
1	2021-11-30 16:45:00	268.84	250.9	287.29	14.205
1	2021-11-30 16:46:00	239.22	229.91	249.5	14.133
1	2021-11-30 16:47:00	222.44	214.67	229.96	14.134
1	2021-11-30 16:48:00	213.4	209.38	216.72	14.233
1	2021-11-30 16:49:00	212.55	209.11	215.55	14.217
1	2021-11-30 16:50:00	216.92	210.82	222.93	14.121
1	2021-11-30 16:51:00	230.9	218.74	242.95	14.143
1	2021-11-30 16:52:00	250.57	236.86	266.33	14.181
1	2021-11-30 16:53:00	283.29	262.99	321.47	14.153
1	2021-11-30 16:54:00	388.37	324.13	531.77	14.242
1	2021-11-30 16:55:00	693.86	523.7	833.04	14.216
1	2021-11-30 16:56:00	532.82	463.72	681.04	14.225
1	2021-11-30 16:57:00	685.41	470.88	861.33	14.218
1	2021-11-30 16:58:00	661.41	494.62	879.96	14.229
1	2021-11-30 16:59:00	439.39	397.04	485.99	14.222
1	2021-11-30 17:00:00	386.48	333.76	457.47	14.267
1	2021-11-30 17:01:00	280.58	249.24	345.01	14.212
1	2021-11-30 17:02:00	230.16	218.98	247.99	14.132
1	2021-11-30 17:03:00	262.92	221.71	321.61	14.172
1	2021-11-30 17:04:00	474.38	318.97	641.05	14.171
1	2021-11-30 17:05:00	322.73	259.24	379.09	14.209
1	2021-11-30 17:06:00	266.7	253.45	287.87	14.202
1	2021-11-30 17:07:00	310.67	265.37	448.16	14.177
1	2021-11-30 17:08:00	765.55	469.52	931.53	14.136
1	2021-11-30 17:09:00	945.44	875.19	1050.2	14.155
1	2021-11-30 17:10:00	979.17	905.52	1046.4	14.158
1	2021-11-30 17:11:00	997.16	934.37	1076.6	14.095
1	2021-11-30 17:12:00	1000.8	939.49	1065.1	14.139
1	2021-11-30 17:13:00	989.68	902.57	1078.3	14.119
1	2021-11-30 17:14:00	846.06	478.94	1042.6	14.113
1	2021-11-30 17:15:00	400.06	335.47	480.31	14.143
1	2021-11-30 17:16:00	570.86	340.01	775.45	14.137
1	2021-11-30 17:17:00	639.09	553.81	752.61	14.194
1	2021-11-30 17:18:00	679.48	477.01	931.19	14.191
1	2021-11-30 17:19:00	783.17	668.43	877.8	14.184
1	2021-11-30 17:20:00	811.26	505.07	1011.3	14.18
1	2021-11-30 17:21:00	893.44	623.11	1055.2	14.186
1	2021-11-30 17:22:00	458.71	324.9	737.27	14.135
1	2021-11-30 17:23:00	346.42	257.08	524.27	14.175
1	2021-11-30 17:24:00	272.03	261.17	279.8	14.157
1	2021-11-30 17:25:00	279.3	263.56	296.39	14.197
1	2021-11-30 17:26:00	474.1	284	879.96	14.162
1	2021-11-30 17:27:00	966.56	814.52	1136.7	14.104
1	2021-11-30 17:28:00	1062.1	965.96	1185	14.138
1	2021-11-30 17:29:00	935.63	639.58	1196	14.13
1	2021-11-30 17:30:00	464.25	413.17	656.62	14.101
1	2021-11-30 17:31:00	485.81	427.37	586.07	14.155
1	2021-11-30 17:32:00	488	461.34	516.89	14.182
1	2021-11-30 17:33:00	521.02	491.67	545.29	14.165
1	2021-11-30 17:34:00	528.69	521.77	538.59	14.207
1	2021-11-30 17:35:00	508.23	493.71	524.5	14.179
1	2021-11-30 17:36:00	484.31	474.4	494.28	14.24
1	2021-11-30 17:37:00	472.89	468.95	477.24	14.155
1	2021-11-30 17:38:00	472.56	465.65	475.54	14.174
1	2021-11-30 17:39:00	458.33	446.34	470.99	14.131
1	2021-11-30 17:40:00	448.19	433.05	460.77	14.12
1	2021-11-30 17:41:00	439.06	430.21	453.04	14.145
1	2021-11-30 17:42:00	533.37	456.11	685.93	14.153
1	2021-11-30 17:43:00	851.38	695.92	1022	14.214
1	2021-11-30 17:44:00	685.73	622.65	738.3	14.142
1	2021-11-30 17:45:00	562.2	515.41	619.24	14.199
1	2021-11-30 17:46:00	485.44	456.34	514.84	14.144
1	2021-11-30 17:47:00	434.52	413.17	457.7	14.157
1	2021-11-30 17:48:00	407.03	393.86	422.14	14.155
1	2021-11-30 17:49:00	399.31	388.29	411.92	14.152
1	2021-11-30 17:50:00	377.35	347.28	396.13	14.099
1	2021-11-30 17:51:00	330.55	313.77	355.46	14.144
1	2021-11-30 17:52:00	327	311.61	359.66	14.163
1	2021-11-30 17:53:00	817.66	352.39	1422.7	14.113
1	2021-11-30 17:54:00	1262.4	1070.5	1515.2	14.139
1	2021-11-30 17:55:00	1301.1	960.39	1661.7	14.068
1	2021-11-30 17:56:00	894.63	846.11	958.8	14.134
1	2021-11-30 17:57:00	870.5	755.79	1003.9	14.149
1	2021-11-30 17:58:00	757.5	740.57	780.33	14.219
1	2021-11-30 17:59:00	800.14	759.2	887.68	14.211
1	2021-11-30 18:00:00	746.07	728.87	792.83	14.152
1	2021-11-30 18:01:00	853.79	793.73	985.72	14.166
1	2021-11-30 18:02:00	928.12	808.73	1025	14.155
1	2021-11-30 18:03:00	1001.5	808.62	1131.8	14.128
1	2021-11-30 18:04:00	1055.9	798.17	1427.1	14.209
1	2021-11-30 18:05:00	1140.6	1018.7	1314	14.187
1	2021-11-30 18:06:00	952.22	764.31	1088.9	14.127
1	2021-11-30 18:07:00	906.09	754.32	1111.8	14.167
1	2021-11-30 18:08:00	918.12	751.25	1087.5	14.144
1	2021-11-30 18:09:00	667.07	480.54	976.75	14.191
1	2021-11-30 18:10:00	445.4	424.98	475.54	14.243
1	2021-11-30 18:11:00	440.14	417.49	477.81	14.265
1	2021-11-30 18:12:00	521.2	458.95	624.7	14.239
1	2021-11-30 18:13:00	553.64	516.21	610.61	14.236
1	2021-11-30 18:14:00	532.62	507.23	562.33	14.181
1	2021-11-30 18:15:00	513.33	502.23	523.25	14.146
1	2021-11-30 18:16:00	599.38	511.32	862.92	14.128
1	2021-11-30 18:17:00	765.7	581.87	1052.2	14.142
1	2021-11-30 18:18:00	520.48	475.99	622.65	14.152
1	2021-11-30 18:19:00	441.31	401.13	478.83	14.126
1	2021-11-30 18:20:00	368.2	340.35	397.72	14.105
1	2021-11-30 18:21:00	337.07	333.88	342.05	14.108
1	2021-11-30 18:22:00	336.2	332.85	338.99	14.129
1	2021-11-30 18:23:00	350	337.06	365.91	14.168
1	2021-11-30 18:24:00	386.31	363.64	409.99	14.128
1	2021-11-30 18:25:00	430.85	409.65	450.43	14.141
1	2021-11-30 18:26:00	467.84	449.98	485.53	14.095
1	2021-11-30 18:27:00	502.54	487.12	514.96	14.139
1	2021-11-30 18:28:00	517.16	514.27	521.09	14.113
1	2021-11-30 18:29:00	510.44	507.12	516.32	14.177
1	2021-11-30 18:30:00	511.15	507.57	516.09	14.142
1	2021-11-30 18:31:00	527.39	516.43	538.93	14.095
1	2021-11-30 18:32:00	552.64	539.38	564.15	14.124
1	2021-11-30 18:33:00	570.2	563.46	575.28	14.058
1	2021-11-30 18:34:00	576.91	574.48	579.14	14.128
1	2021-11-30 18:35:00	580.86	578.69	582.55	14.156
1	2021-11-30 18:36:00	577.01	567.78	582.21	14.145
1	2021-11-30 18:37:00	552.12	538.36	566.99	14.145
1	2021-11-30 18:38:00	522.72	501.21	537.79	14.118
1	2021-11-30 18:39:00	479.61	457.47	500.76	14.087
1	2021-11-30 18:40:00	437.54	416.46	458.27	14.155
1	2021-11-30 18:41:00	390.95	367.16	416.58	14.202
1	2021-11-30 18:42:00	336.33	307.18	365.46	14.138
1	2021-11-30 18:43:00	276.94	242.43	306.5	14.108
1	2021-11-30 18:44:00	218.98	193.29	248.45	14.127
1	2021-11-30 18:45:00	180.99	171.03	193.08	14.135
1	2021-11-30 18:46:00	176.89	170.78	190.94	14.132
1	2021-11-30 18:47:00	248.53	193.03	314.23	14.034
1	2021-11-30 18:48:00	386.71	316.51	451.45	14.07
1	2021-11-30 18:49:00	548.32	453.61	648.44	14.125
1	2021-11-30 18:50:00	723.61	649.01	815.3	14.061
1	2021-11-30 18:51:00	1088	813.73	1627.6	14.132
1	2021-11-30 18:52:00	1611.5	1248.8	2100.8	14.154
1	2021-11-30 18:53:00	1970.9	1500.2	2155.7	14.146
1	2021-11-30 18:54:00	1597.4	1219.3	1917.6	14.107
1	2021-11-30 18:55:00	1716.7	1238.3	1939.3	14.167
1	2021-11-30 18:56:00	1399.2	971.86	1812.7	14.171
1	2021-11-30 18:57:00	1291.7	805.32	1802.5	14.076
1	2021-11-30 18:58:00	1404.1	1118.9	1673.6	14.167
1	2021-11-30 18:59:00	1550.2	1279.6	1620.9	14.24
1	2021-11-30 19:00:00	1534.5	1488.6	1565.1	14.198
1	2021-11-30 19:01:00	1494.6	1334.5	1559	14.166
1	2021-11-30 19:02:00	1540.3	1501.1	1597.4	14.191
1	2021-11-30 19:03:00	1565.1	1346.6	1637.3	14.128
1	2021-11-30 19:04:00	1527.3	1294.5	1626.4	14.073
1	2021-11-30 19:05:00	1547.8	1476	1605.6	14.136
1	2021-11-30 19:06:00	1540.5	1492.8	1572	14.122
1	2021-11-30 19:07:00	1525.6	1499.4	1562.5	14.154
1	2021-11-30 19:08:00	1516.5	1481.5	1551.6	14.186
1	2021-11-30 19:09:00	1518.7	1462.1	1585.3	14.146
1	2021-11-30 19:10:00	1543.9	1478.8	1595.1	14.133
1	2021-11-30 19:11:00	1562.8	1522.6	1593.7	14.144
1	2021-11-30 19:12:00	1560.3	1507.4	1608.1	14.128
1	2021-11-30 19:13:00	1556.7	1495.6	1612.7	14.196
1	2021-11-30 19:14:00	1541.7	1502.7	1572.1	14.163
1	2021-11-30 19:15:00	1532.9	1486.8	1572.4	14.212
1	2021-11-30 19:16:00	1526.9	1471.1	1559.3	14.151
1	2021-11-30 19:17:00	1530.7	1494.7	1564.3	14.162
1	2021-11-30 19:18:00	1530.6	1496.4	1573.8	14.157
1	2021-11-30 19:19:00	1451.5	1352.7	1567.9	14.102
1	2021-11-30 19:20:00	1529.5	1435.4	1571.6	14.205
1	2021-11-30 19:21:00	1421.8	1262	1595.9	14.16
1	2021-11-30 19:22:00	1544.7	1453.5	1607.2	14.135
1	2021-11-30 19:23:00	1552.6	1453	1627	14.099
1	2021-11-30 19:24:00	1571.1	1505.8	1617.1	14.036
1	2021-11-30 19:25:00	1570.5	1437.9	1625.1	14.096
1	2021-11-30 19:26:00	1493.1	1286.1	1654.2	14.123
1	2021-11-30 19:27:00	1597.9	1550.2	1640.4	14.194
1	2021-11-30 19:28:00	1590.1	1530.2	1634.6	14.094
1	2021-11-30 19:29:00	1614.8	1578.8	1663	14.13
1	2021-11-30 19:30:00	1546.4	1329.8	1680.9	14.108
1	2021-11-30 19:31:00	1653.5	1336.2	1785.7	14.061
1	2021-11-30 19:32:00	1487	1282.9	1750.5	14.164
1	2021-11-30 19:33:00	1292	1008	1818.2	14.102
1	2021-11-30 19:34:00	929.62	850.99	1092.1	14.113
1	2021-11-30 19:35:00	1122	866.33	1454.8	14.047
1	2021-11-30 19:36:00	1480.7	924.72	2040.9	14.073
1	2021-11-30 19:37:00	934.58	823.04	1278.7	14.034
1	2021-11-30 19:38:00	1285.5	940.62	1867	14.118
1	2021-11-30 19:39:00	1358.8	1079.1	1840	14.132
1	2021-11-30 19:40:00	1236.7	1036.5	1391.5	14.185
1	2021-11-30 19:41:00	1317	1124	1416.7	14.095
1	2021-11-30 19:42:00	1037.6	930.06	1232.9	14.069
1	2021-11-30 19:43:00	986.38	929.94	1073.2	14.076
1	2021-11-30 19:44:00	1034.9	994.01	1070.5	14.092
1	2021-11-30 19:45:00	1119.1	1012.9	1248.5	14.089
1	2021-11-30 19:46:00	1238.1	1014.7	1707	14.059
1	2021-11-30 19:47:00	1342.6	1138.6	1593.4	14.112
1	2021-11-30 19:48:00	1437.5	1127.2	1695.7	14.136
1	2021-11-30 19:49:00	925.41	774.76	1117.4	14.157
1	2021-11-30 19:50:00	680.42	622.76	769.65	14.104
1	2021-11-30 19:51:00	605.6	596.18	620.95	14.108
1	2021-11-30 19:52:00	660.09	609.02	749.09	14.102
1	2021-11-30 19:53:00	823.44	750.34	873.37	14.147
1	2021-11-30 19:54:00	926.37	862.92	1009.7	14.115
1	2021-11-30 19:55:00	1363.1	987.88	1989.3	14.075
1	2021-11-30 19:56:00	1772.7	1454.4	2197.3	14.06
1	2021-11-30 19:57:00	1882.2	1464.3	2200.7	14.1
1	2021-11-30 19:58:00	1797.8	1373.9	2082.2	14.17
1	2021-11-30 19:59:00	1834	1531.7	2107.9	14.278
1	2021-11-30 20:00:00	1621.7	1351.2	1884.4	14.282
1	2021-11-30 20:01:00	945.09	833.84	1357.7	14.231
1	2021-11-30 20:02:00	923.39	879.96	960.05	14.188
1	2021-11-30 20:03:00	1088.9	949.82	1573.7	14.164
1	2021-11-30 20:04:00	1672.3	1244.5	1976.1	14.195
1	2021-11-30 20:05:00	1101.9	1028.8	1218.6	14.321
1	2021-11-30 20:06:00	979.18	913.13	1030.5	14.324
1	2021-11-30 20:07:00	962.35	909.15	1115.1	14.336
1	2021-11-30 20:08:00	1005.6	733.19	1377.1	14.271
1	2021-11-30 20:09:00	639.44	581.87	727.96	14.259
1	2021-11-30 20:10:00	546.56	497.12	584.37	14.185
1	2021-11-30 20:11:00	465.5	438.16	498.14	14.204
1	2021-11-30 20:12:00	496.88	441.12	617.54	14.213
1	2021-11-30 20:13:00	707.39	619.81	776.13	14.266
1	2021-11-30 20:14:00	786.9	777.72	795.33	14.211
1	2021-11-30 20:15:00	819.53	788.96	868.6	14.191
1	2021-11-30 20:16:00	1201.3	879.05	1718.5	14.232
1	2021-11-30 20:17:00	1963.2	1541.5	2389.8	14.226
1	2021-11-30 20:18:00	1288.2	1055.9	2002.3	14.198
1	2021-11-30 20:19:00	976.03	916.77	1068.1	14.23
1	2021-11-30 20:20:00	885.73	859.17	913.93	14.278
1	2021-11-30 20:21:00	838.06	825.88	857.24	14.258
1	2021-11-30 20:22:00	819.48	812.37	827.13	14.309
1	2021-11-30 20:23:00	806.46	798.39	814.86	14.249
1	2021-11-30 20:24:00	802.08	796.57	807.82	14.259
1	2021-11-30 20:25:00	813.69	806.12	820.66	14.242
1	2021-11-30 20:26:00	813.03	797.26	823.38	14.228
1	2021-11-30 20:27:00	811.42	791.92	856.9	14.242
1	2021-11-30 20:28:00	998.63	858.15	1286.9	14.212
1	2021-11-30 20:29:00	1880.4	1339.1	2372.1	14.247
1	2021-11-30 20:30:00	1920.1	1406.4	2754.8	14.222
1	2021-11-30 20:31:00	1808.2	1298.2	2484.6	14.236
1	2021-11-30 20:32:00	1568.6	1010.1	2116.5	14.199
1	2021-11-30 20:33:00	1653.5	1108.8	2424.5	14.235
1	2021-11-30 20:34:00	1164.8	750	2413.4	14.228
1	2021-11-30 20:35:00	776.31	667.64	855.76	14.132
1	2021-11-30 20:36:00	636.16	608	702.74	14.211
1	2021-11-30 20:37:00	957.93	693.31	1565.8	14.202
1	2021-11-30 20:38:00	1131.4	897.23	1855.9	14.176
1	2021-11-30 20:39:00	1252.7	831.79	2476.7	14.16
1	2021-11-30 20:40:00	1474.1	1138.4	2362.1	14.105
1	2021-11-30 20:41:00	2059	1488.9	2338.9	14.194
1	2021-11-30 20:42:00	1871.5	1302.7	1995.6	14.195
1	2021-11-30 20:43:00	1765.4	976.86	2196.1	14.17
1	2021-11-30 20:44:00	1887.8	1032.3	2152.4	14.175
1	2021-11-30 20:45:00	1712.5	1218.5	2056	14.202
1	2021-11-30 20:46:00	1690.1	707.51	2014.8	14.175
1	2021-11-30 20:47:00	1719.7	1156.7	1948.6	14.203
1	2021-11-30 20:48:00	1795.3	1284.5	2014.3	14.17
1	2021-11-30 20:49:00	1696.2	838.04	2089.2	14.245
1	2021-11-30 20:50:00	1718.4	881.21	2077	14.217
1	2021-11-30 20:51:00	595.04	514.96	730.91	14.233
1	2021-11-30 20:52:00	1345.4	724.67	2164.2	14.248
1	2021-11-30 20:53:00	625.43	338.99	2110.8	14.309
1	2021-11-30 20:54:00	353.04	337.06	378.86	14.327
1	2021-11-30 20:55:00	471.73	382.16	765.68	14.374
1	2021-11-30 20:56:00	1058.1	677.97	2412.7	14.33
1	2021-11-30 20:57:00	1670.6	1134.9	2606.6	14.294
1	2021-11-30 20:58:00	2221.9	1585	2570.5	14.266
1	2021-11-30 20:59:00	1455.6	917.45	2542.6	14.279
1	2021-11-30 21:00:00	808.38	664.34	990.72	14.296
1	2021-11-30 21:01:00	645.79	618.22	672.98	14.2
1	2021-11-30 21:02:00	625.31	611.52	642.08	14.212
1	2021-11-30 21:03:00	666.53	638.44	706.38	14.186
1	2021-11-30 21:04:00	745.01	701.72	793.05	14.252
1	2021-11-30 21:05:00	878.46	793.28	1016.7	14.232
1	2021-11-30 21:06:00	1707	1026.4	2751.8	14.198
1	2021-11-30 21:07:00	1886.1	1252.6	2543.5	14.215
1	2021-11-30 21:08:00	2197.7	895.64	2565.7	14.247
1	2021-11-30 21:09:00	1622.3	769.65	2378.3	14.252
1	2021-11-30 21:10:00	1622.4	623.56	2223	14.185
1	2021-11-30 21:11:00	1686.1	627.99	2216.3	14.149
1	2021-11-30 21:12:00	1695.7	994.01	1946.2	14.159
1	2021-11-30 21:13:00	1846.7	1797.4	1882.7	14.188
1	2021-11-30 21:14:00	1828.4	1753	1873	14.191
1	2021-11-30 21:15:00	1734.7	1254.6	1875.1	14.187
1	2021-11-30 21:16:00	1823.5	1658.7	1886.2	14.224
1	2021-11-30 21:17:00	1817.8	1752.8	1859.5	14.222
1	2021-11-30 21:18:00	1813.2	1763.9	1858.2	14.238
1	2021-11-30 21:19:00	1807.7	1770	1850	14.223
1	2021-11-30 21:20:00	1825.4	1772.3	1880.3	14.207
1	2021-11-30 21:21:00	1860.6	1533.6	1981.6	14.256
1	2021-11-30 21:22:00	1585.3	1094.8	1993.4	14.157
1	2021-11-30 21:23:00	1045.1	635.37	2090.8	14.127
1	2021-11-30 21:24:00	791.77	697.86	904.95	14.216
1	2021-11-30 21:25:00	1420.7	877.46	2308.5	14.22
1	2021-11-30 21:26:00	949.15	831.68	1168.2	14.296
1	2021-11-30 21:27:00	784.1	747.39	850.19	14.248
1	2021-11-30 21:28:00	785.35	747.04	838.72	14.282
1	2021-11-30 21:29:00	839.91	795.67	1068.7	14.237
1	2021-11-30 21:30:00	1200.3	992.42	1729.8	14.262
1	2021-11-30 21:31:00	1530.7	997.99	2466.5	14.233
1	2021-11-30 21:32:00	1442.4	1092.1	2404.8	14.216
1	2021-11-30 21:33:00	1072.7	922.79	1600.2	14.272
1	2021-11-30 21:34:00	1544.9	870.3	2420.2	14.285
1	2021-11-30 21:35:00	1484.4	830.66	2316.9	14.236
1	2021-11-30 21:36:00	1427.5	847.35	2341.4	14.168
1	2021-11-30 21:37:00	2045	1457.1	2333.9	14.249
1	2021-11-30 21:38:00	1416.5	933.47	1915.4	14.241
1	2021-11-30 21:39:00	1152.9	925.97	1753.9	14.29
1	2021-11-30 21:40:00	1016.9	921.08	1179.1	14.271
1	2021-11-30 21:41:00	1112.7	1000.6	1357.2	14.306
1	2021-11-30 21:42:00	1075.2	997.99	1263.1	14.243
1	2021-11-30 21:43:00	1708.7	1045	2639.4	14.316
1	2021-11-30 21:44:00	925.42	859.6	1025.6	14.232
1	2021-11-30 21:45:00	1009.8	824.18	1927.9	14.237
1	2021-11-30 21:46:00	2181.7	1901.8	2307.9	14.174
1	2021-11-30 21:47:00	2130.4	1963.9	2214.8	14.196
1	2021-11-30 21:48:00	1572.6	1284	2235.3	14.117
1	2021-11-30 21:49:00	917.1	760.22	1301.3	14.17
1	2021-11-30 21:50:00	1027.3	759.88	1440.4	14.186
1	2021-11-30 21:51:00	1654.8	1301.1	2190.2	14.239
1	2021-11-30 21:52:00	1967.3	1304.1	2375.8	14.244
1	2021-11-30 21:53:00	1257.1	968.91	1960.3	14.285
1	2021-11-30 21:54:00	1941.3	1097.4	2534	14.242
1	2021-11-30 21:55:00	1838.6	1311.6	2376.8	14.29
1	2021-11-30 21:56:00	1175.8	1105.1	1384.8	14.17
1	2021-11-30 21:57:00	1137.9	1075	1202	14.218
1	2021-11-30 21:58:00	1066.4	919.61	1185.8	14.195
1	2021-11-30 21:59:00	798.93	710.58	915.4	14.218
1	2021-11-30 22:00:00	653.03	604.36	708.87	14.164
1	2021-11-30 22:01:00	575.34	554.04	603.11	14.259
1	2021-11-30 22:02:00	541.61	521.55	554.49	14.3
1	2021-11-30 22:03:00	503.05	485.99	519.05	14.31
1	2021-11-30 22:04:00	455.97	430.66	484.28	14.319
1	2021-11-30 22:05:00	420.99	400.56	432.03	14.214
1	2021-11-30 22:06:00	359.63	336.49	400.45	14.277
1	2021-11-30 22:07:00	627.53	341.94	1693.6	14.269
1	2021-11-30 22:08:00	1575.2	1061.8	2445.6	14.269
1	2021-11-30 22:09:00	1422.3	849.63	2249.7	14.246
1	2021-11-30 22:10:00	1757	1148.3	2274.6	14.287
1	2021-11-30 22:11:00	1614.2	1087.7	2228.3	14.316
1	2021-11-30 22:12:00	1206.9	794.76	2131.2	14.222
1	2021-11-30 22:13:00	1117	729.21	2289.4	14.221
1	2021-11-30 22:14:00	1575.2	858.49	2159.2	14.141
1	2021-11-30 22:15:00	1001	683.77	2209.8	14.195
1	2021-11-30 22:16:00	1913.3	736.82	2283.1	14.214
1	2021-11-30 22:17:00	1920.2	934.03	2185.1	14.196
1	2021-11-30 22:18:00	1417.5	835.09	2299	14.185
1	2021-11-30 22:19:00	1927	1677.8	2039.2	14.24
1	2021-11-30 22:20:00	1392.6	693.42	2070.8	14.262
1	2021-11-30 22:21:00	1272.7	846.79	2151.5	14.291
1	2021-11-30 22:22:00	1577.5	875.19	2174.9	14.254
1	2021-11-30 22:23:00	840.05	706.15	1022.9	14.161
1	2021-11-30 22:24:00	658.98	626.85	708.31	14.221
1	2021-11-30 22:25:00	729.1	642.87	869.62	14.25
1	2021-11-30 22:26:00	1300.4	868.14	2083	14.222
1	2021-11-30 22:27:00	1951.7	1261.9	2420.3	14.176
1	2021-11-30 22:28:00	1795	1260.6	2502.6	14.223
1	2021-11-30 22:29:00	1434.3	1077.7	2281.8	14.258
1	2021-11-30 22:30:00	2116.9	1666.4	2366.8	14.273
1	2021-11-30 22:31:00	1185.8	775.22	2305.9	14.287
1	2021-11-30 22:32:00	1735.4	986.4	2414.8	14.243
1	2021-11-30 22:33:00	1254.5	907.68	2119.9	14.266
1	2021-11-30 22:34:00	1902.3	1409.7	2182.3	14.233
1	2021-11-30 22:35:00	1903.8	1040.7	2202.4	14.227
1	2021-11-30 22:36:00	1769	1184.9	2313.7	14.257
1	2021-11-30 22:37:00	2075.2	1302.6	2378.4	14.222
1	2021-11-30 22:38:00	1023.3	892.68	1321	14.261
1	2021-11-30 22:39:00	973.58	898.48	1127.3	14.242
1	2021-11-30 22:40:00	1047.7	969.93	1238.7	14.191
1	2021-11-30 22:41:00	1159.6	968.34	1505.9	14.275
1	2021-11-30 22:42:00	1428.9	1059.4	2162.9	14.325
1	2021-11-30 22:43:00	1655.7	1316.5	1991.7	14.269
1	2021-11-30 22:44:00	1238.8	1107.7	1539.4	14.195
1	2021-11-30 22:45:00	1817.5	1405	2266.8	14.275
1	2021-11-30 22:46:00	1616.4	1138.1	2223.5	14.283
1	2021-11-30 22:47:00	1108.2	1025.6	1245.5	14.209
1	2021-11-30 22:48:00	1127.2	1044.9	1260.1	14.193
1	2021-11-30 22:49:00	1132	1054.7	1324.8	14.281
1	2021-11-30 22:50:00	1165.2	1064.7	1381.1	14.326
1	2021-11-30 22:51:00	1238.5	1042.3	1542	14.203
1	2021-11-30 22:52:00	1028.5	967.43	1088.1	14.217
1	2021-11-30 22:53:00	1066.9	956.87	1400.5	14.249
1	2021-11-30 22:54:00	1164.2	989.47	1548.5	14.238
1	2021-11-30 22:55:00	1020.5	950.28	1206.8	14.228
1	2021-11-30 22:56:00	911.62	828.84	1110.3	14.181
1	2021-11-30 22:57:00	870.62	818.61	1015.7	14.226
1	2021-11-30 22:58:00	939.97	857.24	1008	14.212
1	2021-11-30 22:59:00	1150.1	901.32	1466.6	14.209
1	2021-11-30 23:00:00	1313.4	1087.5	1944.2	14.184
1	2021-11-30 23:01:00	1438.4	1087.4	1939.7	14.196
1	2021-11-30 23:02:00	1144.2	806	1841	14.243
1	2021-11-30 23:03:00	1102.5	763.29	1677.1	14.249
1	2021-11-30 23:04:00	1377.5	799.76	1876.2	14.233
1	2021-11-30 23:05:00	1473.8	757.38	1815.6	14.247
1	2021-11-30 23:06:00	1639.9	1433.2	1737.7	14.247
1	2021-11-30 23:07:00	1659.1	1575.8	1750.8	14.282
1	2021-11-30 23:08:00	869.47	556.76	1861	14.268
1	2021-11-30 23:09:00	860.13	558.58	1385.4	14.16
1	2021-11-30 23:10:00	1541.3	841.9	1883.7	14.189
1	2021-11-30 23:11:00	1395.3	482.24	1809.3	14.155
1	2021-11-30 23:12:00	1635.8	1573.4	1707.9	14.237
1	2021-11-30 23:13:00	1357.5	840.08	1829.2	14.168
1	2021-11-30 23:14:00	1724.2	1432.9	1879.1	14.243
1	2021-11-30 23:15:00	1212.7	896.32	1594.9	14.284
1	2021-11-30 23:16:00	1606.1	1063.1	1930.5	14.299
1	2021-11-30 23:17:00	1301.8	757.84	2050.4	14.238
1	2021-11-30 23:18:00	1138.5	667.86	1876.9	14.222
1	2021-11-30 23:19:00	1064.2	687.06	1916.1	14.26
1	2021-11-30 23:20:00	1532.8	675.02	2007.9	14.283
1	2021-11-30 23:21:00	840.49	564.03	1959.7	14.228
1	2021-11-30 23:22:00	1712.4	1099.4	2072.3	14.267
1	2021-11-30 23:23:00	1163.1	802.94	1895.6	14.25
1	2021-11-30 23:24:00	925.89	453.73	1906.7	14.217
1	2021-11-30 23:25:00	1535.4	475.76	1889.9	14.121
1	2021-11-30 23:26:00	727.03	476.79	1850.1	14.193
1	2021-11-30 23:27:00	1369.1	521.43	1749	14.162
1	2021-11-30 23:28:00	1488.7	1233.1	1708.8	14.2
1	2021-11-30 23:29:00	1429.3	811.91	1916.9	14.179
1	2021-11-30 23:30:00	1336	624.13	2095.5	14.209
1	2021-11-30 23:31:00	466.7	368.98	620.27	14.209
1	2021-11-30 23:32:00	423.79	367.27	542.22	14.255
1	2021-11-30 23:33:00	789.11	549.38	1109.3	14.267
1	2021-11-30 23:34:00	1155.7	943.58	1769.6	14.192
1	2021-11-30 23:35:00	1350.7	904.5	2077.9	14.214
1	2021-11-30 23:36:00	1332.8	870.19	1905.8	14.261
1	2021-11-30 23:37:00	1489.6	1001.4	2101.3	14.199
1	2021-11-30 23:38:00	1286.8	1016.8	1998.5	14.16
1	2021-11-30 23:39:00	1500	1150.8	1810.9	14.193
1	2021-11-30 23:40:00	1017.3	834.29	1422.4	14.239
1	2021-11-30 23:41:00	674.64	648.67	787.83	14.191
1	2021-11-30 23:42:00	900.28	661.5	1536.6	14.189
1	2021-11-30 23:43:00	1150.7	888.48	1632.6	14.177
1	2021-11-30 23:44:00	1247.8	1025.7	1629.4	14.243
1	2021-11-30 23:45:00	966.55	883.25	1125.1	14.195
1	2021-11-30 23:46:00	887.36	817.02	1056.6	14.208
1	2021-11-30 23:47:00	1114	1000.7	1718.1	14.296
1	2021-11-30 23:48:00	1724.1	1576.7	1871.9	14.21
1	2021-11-30 23:49:00	1574.8	1494.1	1707.4	14.172
1	2021-11-30 23:50:00	1345	1089.2	1539.3	14.188
1	2021-11-30 23:51:00	1208.9	752.04	1644.3	14.235
1	2021-11-30 23:52:00	1230.5	743.3	1521.5	14.257
1	2021-11-30 23:53:00	1296.6	643.67	1490.3	14.336
1	2021-11-30 23:54:00	1252.5	955.05	1509	14.289
1	2021-11-30 23:55:00	1164.1	882.46	1522	14.302
1	2021-11-30 23:56:00	1324.3	1099.1	1479.5	14.261
1	2021-11-30 23:57:00	1407.7	1296.8	1479.7	14.227
1	2021-11-30 23:58:00	1164	881.44	1448.3	14.21
1	2021-11-30 23:59:00	1305.2	1212.8	1411.7	14.267
1	2021-12-01 00:00:00	1293.1	1223.6	1361.9	14.254
1	2021-12-01 00:01:00	1269.4	1185.5	1367.7	14.256
1	2021-12-01 00:02:00	1269.2	1212.7	1348.7	14.265
1	2021-12-01 00:03:00	1285	1212.1	1352.9	14.234
1	2021-12-01 00:04:00	1206.9	1022.8	1352.9	14.226
1	2021-12-01 00:05:00	1280.6	1202.9	1389	14.21
1	2021-12-01 00:06:00	1147	668.55	1385.7	14.195
1	2021-12-01 00:07:00	1030	784.31	1403.1	14.212
1	2021-12-01 00:08:00	1306	1199.5	1380.3	14.194
1	2021-12-01 00:09:00	999.73	389.2	1323.5	14.233
1	2021-12-01 00:10:00	992.35	374.89	1328.5	14.148
1	2021-12-01 00:11:00	1185.3	573.46	1334.8	14.125
1	2021-12-01 00:12:00	919.05	350.01	1359.7	14.17
1	2021-12-01 00:13:00	1124.3	685.25	1321.3	14.177
1	2021-12-01 00:14:00	1135.3	699.45	1248	14.202
1	2021-12-01 00:15:00	1178.9	1124.5	1247.8	14.216
1	2021-12-01 00:16:00	1194.9	1119.4	1276.4	14.196
1	2021-12-01 00:17:00	1172.6	773.06	1344.4	14.238
1	2021-12-01 00:18:00	1186.7	1135.7	1270.1	14.266
1	2021-12-01 00:19:00	1159.6	1097.5	1231.6	14.143
1	2021-12-01 00:20:00	1115.4	793.17	1207.8	14.212
1	2021-12-01 00:21:00	1135.9	1090.9	1180.7	14.187
1	2021-12-01 00:22:00	1127.2	1046.7	1183.2	14.206
1	2021-12-01 00:23:00	1075.2	789.08	1190.2	14.211
1	2021-12-01 00:24:00	1091.8	881.78	1208.6	14.239
1	2021-12-01 00:25:00	1115.4	1052.4	1172.1	14.254
1	2021-12-01 00:26:00	1121.7	1057.6	1177.7	14.274
1	2021-12-01 00:27:00	1088.8	949.03	1181.3	14.22
1	2021-12-01 00:28:00	1076.7	854.97	1201.1	14.275
1	2021-12-01 00:29:00	1093.4	1035.7	1150.2	14.281
1	2021-12-01 00:30:00	1089.4	993.45	1168.8	14.238
1	2021-12-01 00:31:00	1028.6	876.44	1149.3	14.224
1	2021-12-01 00:32:00	1103.4	1008.9	1192.5	14.249
1	2021-12-01 00:33:00	1051	819.52	1253.8	14.311
1	2021-12-01 00:34:00	831.83	474.63	1281.8	14.303
1	2021-12-01 00:35:00	629.5	479.51	784.53	14.221
1	2021-12-01 00:36:00	612.11	533.25	823.73	14.3
1	2021-12-01 00:37:00	1311.4	687.18	1460.7	14.269
1	2021-12-01 00:38:00	718.35	510.75	1383.3	14.311
1	2021-12-01 00:39:00	559.03	507.23	658.44	14.231
1	2021-12-01 00:40:00	566.62	540.29	622.88	14.276
1	2021-12-01 00:41:00	854.74	616.06	1278.2	14.207
1	2021-12-01 00:42:00	607.73	587.66	629.92	14.256
1	2021-12-01 00:43:00	576.65	528.82	612.65	14.224
1	2021-12-01 00:44:00	477.99	420.1	530.97	14.213
1	2021-12-01 00:45:00	365.81	310.7	417.94	14.259
1	2021-12-01 00:46:00	241.33	196.52	307.07	14.251
1	2021-12-01 00:47:00	209.7	196.77	226.58	14.221
1	2021-12-01 00:48:00	235.39	227.09	239.84	14.201
1	2021-12-01 00:49:00	241.77	239.89	243.03	14.222
1	2021-12-01 00:50:00	244.2	241.74	248.05	14.222
1	2021-12-01 00:51:00	256.1	247.63	269.36	14.186
1	2021-12-01 00:52:00	286.94	269.32	305.85	14.254
1	2021-12-01 00:53:00	315.65	304.3	321.4	14.259
1	2021-12-01 00:54:00	297.3	273.84	316.35	14.242
1	2021-12-01 00:55:00	252.91	236.53	273.41	14.239
1	2021-12-01 00:56:00	232.78	228.9	238.2	14.212
1	2021-12-01 00:57:00	244.89	230.55	266.25	14.228
1	2021-12-01 00:58:00	300.91	262.75	338.03	14.225
1	2021-12-01 00:59:00	462.16	343.19	672.98	14.228
1	2021-12-01 01:00:00	899.02	690.02	1060.9	14.176
1	2021-12-01 01:01:00	957.21	888.02	1020.7	14.216
1	2021-12-01 01:02:00	894.94	847.58	976.41	14.231
1	2021-12-01 01:03:00	845.77	671.5	920.51	14.254
1	2021-12-01 01:04:00	859.4	790.1	937.55	14.268
1	2021-12-01 01:05:00	829.74	456.11	917.45	14.25
1	2021-12-01 01:06:00	639.38	257.99	918.24	14.263
1	2021-12-01 01:07:00	747.21	336.49	928.47	14.271
1	2021-12-01 01:08:00	863.44	683.09	961.07	14.246
1	2021-12-01 01:09:00	793.67	477.47	941.76	14.181
1	2021-12-01 01:10:00	720.01	409.87	858.26	14.209
1	2021-12-01 01:11:00	793.1	540.86	869.17	14.169
1	2021-12-01 01:12:00	796.13	592.77	855.31	14.215
1	2021-12-01 01:13:00	863.36	654	1001.1	14.194
1	2021-12-01 01:14:00	938.67	795.89	1043.2	14.2
1	2021-12-01 01:15:00	697.1	473.26	1043.1	14.28
1	2021-12-01 01:16:00	656.03	481.33	849.51	14.229
1	2021-12-01 01:17:00	578.63	497.69	652.87	14.26
1	2021-12-01 01:18:00	493.41	451.45	541.43	14.258
1	2021-12-01 01:19:00	449.81	421.69	477.35	14.318
1	2021-12-01 01:20:00	413.05	391.13	451.68	14.253
1	2021-12-01 01:21:00	374.73	353.19	394.43	14.246
1	2021-12-01 01:22:00	349.28	342.05	358.64	14.275
1	2021-12-01 01:23:00	359.29	346.14	369.55	14.305
1	2021-12-01 01:24:00	351.56	333.31	366.71	14.331
1	2021-12-01 01:25:00	318.62	304.57	333.76	14.269
1	2021-12-01 01:26:00	303.59	299.91	308.66	14.285
1	2021-12-01 01:27:00	309.52	301.39	313.77	14.264
1	2021-12-01 01:28:00	285.79	269.24	303.77	14.259
1	2021-12-01 01:29:00	263.18	258.67	269.92	14.321
1	2021-12-01 01:30:00	255.44	247.99	260.6	14.242
1	2021-12-01 01:31:00	240.34	233.79	248.79	14.273
1	2021-12-01 01:32:00	230.67	228.87	234.13	14.355
1	2021-12-01 01:33:00	232.04	229.94	235.64	14.269
1	2021-12-01 01:34:00	241.85	235.35	247.88	14.256
1	2021-12-01 01:35:00	254.14	248.34	260.9	14.207
1	2021-12-01 01:36:00	262.35	259.23	264.86	14.21
1	2021-12-01 01:37:00	258.07	250.09	263.57	14.259
1	2021-12-01 01:38:00	245.11	237.7	253.27	14.266
1	2021-12-01 01:39:00	232.15	220.73	240.39	14.214
1	2021-12-01 01:40:00	214.9	203.63	226.87	14.242
1	2021-12-01 01:41:00	195.65	184.16	207.57	14.224
1	2021-12-01 01:42:00	176.69	166.29	187.62	14.222
1	2021-12-01 01:43:00	159.26	150.12	169.85	14.267
1	2021-12-01 01:44:00	143.8	137.56	149.74	14.248
1	2021-12-01 01:45:00	140.6	135.41	148.11	14.233
1	2021-12-01 01:46:00	168.75	138.98	210.36	14.233
1	2021-12-01 01:47:00	359.32	209.6	527.34	14.195
1	2021-12-01 01:48:00	467.27	297.98	550.63	14.26
1	2021-12-01 01:49:00	315.26	271.39	354.89	14.229
1	2021-12-01 01:50:00	264.86	218.12	342.17	14.222
1	2021-12-01 01:51:00	279.06	243.89	331.15	14.249
1	2021-12-01 01:52:00	385.67	290.04	661.84	14.221
1	2021-12-01 01:53:00	313.14	250.83	411.47	14.224
1	2021-12-01 01:54:00	234.53	216.5	264.01	14.264
1	2021-12-01 01:55:00	224.5	212.16	233.52	14.239
1	2021-12-01 01:56:00	235.93	226.76	243.07	14.233
1	2021-12-01 01:57:00	243.5	237.93	251.14	14.269
1	2021-12-01 01:58:00	243.4	234.46	250.79	14.202
1	2021-12-01 01:59:00	227.01	204.94	242.52	14.215
1	2021-12-01 02:00:00	193.59	180.57	206.6	14.273
1	2021-12-01 02:01:00	194.78	178.34	247.52	14.217
1	2021-12-01 02:02:00	198.08	180.62	220.83	14.221
1	2021-12-01 02:03:00	197.03	185.98	214.12	14.172
1	2021-12-01 02:04:00	183.61	173.22	195.62	14.19
1	2021-12-01 02:05:00	175.12	169.88	183.78	14.249
1	2021-12-01 02:06:00	183.42	172.54	205.15	14.259
1	2021-12-01 02:07:00	182.37	175.47	201.59	14.193
1	2021-12-01 02:08:00	185.8	171.28	223	14.238
1	2021-12-01 02:09:00	205.86	177.37	320.89	14.262
1	2021-12-01 02:10:00	175.8	164.11	208.39	14.254
1	2021-12-01 02:11:00	164.16	155.01	179.56	14.21
1	2021-12-01 02:12:00	156.65	150.58	162.58	14.275
1	2021-12-01 02:13:00	161.19	152.32	178.38	14.236
1	2021-12-01 02:14:00	150.57	145.09	169.73	14.282
1	2021-12-01 02:15:00	148.57	142.1	166.36	14.212
1	2021-12-01 02:16:00	144.23	133.93	199.06	14.221
1	2021-12-01 02:17:00	146.55	135.95	210.11	14.294
1	2021-12-01 02:18:00	149.07	142.18	158.11	14.273
1	2021-12-01 02:19:00	150.57	143.14	158.26	14.271
1	2021-12-01 02:20:00	144.43	137	151.9	14.213
1	2021-12-01 02:21:00	138.61	132.27	147.28	14.295
1	2021-12-01 02:22:00	134.38	129.17	144.65	14.237
1	2021-12-01 02:23:00	132.32	125.87	139.92	14.202
1	2021-12-01 02:24:00	131.58	127.36	137.58	14.162
1	2021-12-01 02:25:00	133.52	129.76	138.84	14.191
1	2021-12-01 02:26:00	134.3	131.04	139.8	14.266
1	2021-12-01 02:27:00	132.03	127.6	137.97	14.232
1	2021-12-01 02:28:00	125.29	118.99	131.64	14.276
1	2021-12-01 02:29:00	113.75	104.67	121.26	14.267
1	2021-12-01 02:30:00	101.71	94.744	108.26	14.24
1	2021-12-01 02:31:00	93.15	87.86	98.663	14.321
1	2021-12-01 02:32:00	85.482	81.941	88.734	14.235
1	2021-12-01 02:33:00	81.136	78.771	84.247	14.271
1	2021-12-01 02:34:00	78.259	76.647	80.521	14.294
1	2021-12-01 02:35:00	75.824	73.387	78.306	14.175
1	2021-12-01 02:36:00	72.103	69.842	74.67	14.256
1	2021-12-01 02:37:00	68.416	67.127	70.308	14.26
1	2021-12-01 02:38:00	66.797	65.264	68.195	14.221
