1	2021-12-01 02:48:00	34.524	33.41	36.148	13.77
1	2021-12-01 02:49:00	33.173	32.638	33.91	13.785
1	2021-12-01 02:50:00	32.343	31.752	32.956	13.76
1	2021-12-01 02:51:00	30.857	29.536	32.047	13.763
1	2021-12-01 02:52:00	28.48	27.355	29.491	13.722
1	2021-12-01 02:53:00	26.608	25.413	27.344	13.794
1	2021-12-01 02:54:00	24.609	23.171	26.072	13.776
1	2021-12-01 02:55:00	21.408	19.774	23.196	13.774
1	2021-12-01 02:56:00	18.179	16.816	19.814	13.727
1	2021-12-01 02:57:00	15.754	14.828	16.794	13.81
1	2021-12-01 02:58:00	13.889	13.107	14.725	13.784
1	2021-12-01 02:59:00	12.374	11.746	13.154	13.771
1	2021-12-01 03:00:00	1.8848	-25.776	11.719	13.767
1	2021-12-01 03:01:00	10.236	9.7743	10.658	13.767
1	2021-12-01 03:02:00	9.365	8.9734	9.7856	14.243
1	2021-12-01 03:03:00	8.5205	8.06	8.9405	14.26
1	2021-12-01 03:04:00	7.6	7.1444	8.0896	14.262
1	2021-12-01 03:05:00	6.6963	6.2935	7.1535	14.238
1	2021-12-01 03:06:00	5.8409	5.4222	6.2901	14.257
1	2021-12-01 03:07:00	4.9971	4.5975	5.4211	14.191
1	2021-12-01 03:08:00	-5.0857	-33.056	4.5691	14.208
1	2021-12-01 03:09:00	3.5487	3.2411	3.867	14.235
1	2021-12-01 03:10:00	2.9546	2.6231	3.2626	14.201
1	2021-12-01 03:11:00	2.4318	2.2175	2.7582	14.234
1	2021-12-01 03:12:00	1.9769	1.7199	2.1948	14.203
1	2021-12-01 03:13:00	1.6194	1.4484	1.8494	14.23
1	2021-12-01 03:14:00	1.3335	1.1849	1.4882	14.263
1	2021-12-01 03:15:00	1.0942	0.9872	1.2167	14.22
1	2021-12-01 03:16:00	0.89314	0.80884	1.002	14.247
1	2021-12-01 03:17:00	0.71639	0.62254	0.79862	14.247
1	2021-12-01 03:18:00	-8.7431	-36.682	0.64753	14.288
1	2021-12-01 03:19:00	0.43059	0.36466	0.50439	14.319
1	2021-12-01 03:20:00	0.32524	0.27378	0.39306	14.232
1	2021-12-01 03:21:00	0.24434	0.20903	0.29196	14.208
1	2021-12-01 03:22:00	0.18296	0.15109	0.22039	14.186
1	2021-12-01 03:23:00	0.13445	0.11019	0.16018	14.259
1	2021-12-01 03:24:00	0.099458	0.080657	0.11701	14.307
1	2021-12-01 03:25:00	0.072932	0.062481	0.088609	14.303
1	2021-12-01 03:26:00	0.053317	0.045441	0.063617	14.262
1	2021-12-01 03:27:00	0.039496	0.031808	0.046577	14.266
1	2021-12-01 03:28:00	-9.2779	-37.195	0.032944	14.272
1	2021-12-01 03:29:00	0.019786	0.015904	0.024992	14.321
1	2021-12-01 03:30:00	0.013064	0.0090881	0.01704	14.296
1	2021-12-01 03:31:00	-9.2984	-37.217	0.010224	14.228
1	2021-12-01 03:32:00	0.0035406	0.001136	0.0056801	14.281
1	2021-12-01 03:33:00	0.00058694	-0.001136	0.002272	14.253
1	2021-12-01 03:34:00	-0.0015336	-0.0034081	0	14.27
1	2021-12-01 03:35:00	-0.0030104	-0.0045441	-0.001136	14.271
1	2021-12-01 03:36:00	-0.004563	-0.0056801	-0.0034081	14.217
1	2021-12-01 03:37:00	-0.0061724	-0.0068161	-0.0056801	14.274
1	2021-12-01 03:38:00	-0.0067593	-0.0079521	-0.0056801	14.276
1	2021-12-01 03:39:00	-0.0073462	-0.0079521	-0.0056801	14.274
1	2021-12-01 03:40:00	-0.0080847	-0.0090881	-0.0068161	14.264
1	2021-12-01 03:41:00	-0.0084633	-0.0090881	-0.0068161	14.253
1	2021-12-01 03:42:00	-0.0085201	-0.0090881	-0.0079521	14.229
1	2021-12-01 03:43:00	-0.008842	-0.010224	-0.0079521	14.217
1	2021-12-01 03:44:00	-0.0096183	-0.010224	-0.0090881	14.221
1	2021-12-01 03:45:00	-0.010148	-0.01136	-0.0090881	14.197
1	2021-12-01 03:46:00	-9.3158	-37.235	-0.0090881	14.251
1	2021-12-01 03:47:00	-0.0096561	-0.01136	-0.0090881	14.239
1	2021-12-01 03:48:00	-0.010073	-0.01136	-0.0090881	14.217
1	2021-12-01 03:49:00	-0.0098455	-0.01136	-0.0090881	14.28
1	2021-12-01 03:50:00	-0.009997	-0.01136	-0.0090881	14.264
1	2021-12-01 03:51:00	-0.0098455	-0.010224	-0.0090881	14.233
1	2021-12-01 03:52:00	-7.4555	-37.235	-0.0090881	14.227
1	2021-12-01 03:53:00	-1.8713	-37.235	-0.0090881	14.196
1	2021-12-01 03:54:00	-0.010224	-0.01136	-0.0090881	14.207
1	2021-12-01 03:55:00	-0.010603	-0.01136	-0.0090881	14.251
1	2021-12-01 03:56:00	-0.010508	-0.01136	-0.0090881	14.224
1	2021-12-01 03:57:00	-0.010205	-0.01136	-0.0079521	14.25
1	2021-12-01 03:58:00	-0.010508	-0.01136	-0.0090881	14.275
1	2021-12-01 03:59:00	-0.0098455	-0.01136	-0.0090881	14.246
1	2021-12-01 04:00:00	-0.010451	-0.013632	-0.0090881	14.213
1	2021-12-01 04:01:00	-0.010016	-0.01136	-0.0090881	14.215
1	2021-12-01 04:02:00	-0.0096561	-0.01136	-0.0090881	14.244
1	2021-12-01 04:03:00	-0.010035	-0.01136	-0.0090881	14.252
1	2021-12-01 04:04:00	-9.3154	-37.235	-0.0079521	14.278
1	2021-12-01 04:05:00	-0.0092396	-0.01136	-0.0068161	14.261
1	2021-12-01 04:06:00	-0.0087095	-0.01136	-0.0079521	14.275
1	2021-12-01 04:07:00	-0.0083687	-0.010224	-0.0068161	14.323
1	2021-12-01 04:08:00	-0.0079332	-0.0090881	-0.0056801	14.309
1	2021-12-01 04:09:00	-0.0077817	-0.010224	-0.0056801	14.231
1	2021-12-01 04:10:00	-0.0077817	-0.0090881	-0.0068161	14.277
1	2021-12-01 04:11:00	-0.0073273	-0.0090881	-0.0056801	14.22
1	2021-12-01 04:12:00	-0.0072326	-0.0079521	-0.0068161	14.181
1	2021-12-01 04:13:00	-0.0069297	-0.0079521	-0.0056801	14.271
1	2021-12-01 04:14:00	-0.0069297	-0.0079521	-0.0056801	14.242
1	2021-12-01 04:15:00	-0.0070622	-0.0079521	-0.0068161	14.26
1	2021-12-01 04:16:00	-0.0068918	-0.0079521	-0.0045441	14.238
1	2021-12-01 04:17:00	-0.0068918	-0.0079521	-0.0056801	14.222
1	2021-12-01 04:18:00	-0.0069486	-0.0079521	-0.0056801	14.269
1	2021-12-01 04:19:00	-0.0068918	-0.0090881	-0.0056801	14.223
1	2021-12-01 04:20:00	-0.007138	-0.0079521	-0.0068161	14.234
1	2021-12-01 04:21:00	-0.0069676	-0.0079521	-0.0056801	14.253
1	2021-12-01 04:22:00	-0.0069865	-0.0079521	-0.0056801	14.239
1	2021-12-01 04:23:00	-0.0069297	-0.0079521	-0.0056801	14.281
1	2021-12-01 04:24:00	-0.0070622	-0.0079521	-0.0068161	14.276
1	2021-12-01 04:25:00	-0.0069676	-0.0079521	-0.0068161	14.203
1	2021-12-01 04:26:00	-0.0069297	-0.0079521	-0.0068161	14.235
1	2021-12-01 04:27:00	-0.0067972	-0.0079521	-0.0056801	14.22
1	2021-12-01 04:28:00	-0.0068729	-0.0079521	-0.0056801	14.238
1	2021-12-01 04:29:00	-0.0069676	-0.0079521	-0.0056801	14.282
1	2021-12-01 04:30:00	-0.006854	-0.0079521	-0.0056801	14.242
1	2021-12-01 04:31:00	-0.0069108	-0.0079521	-0.0056801	14.234
1	2021-12-01 04:32:00	-0.0070433	-0.0079521	-0.0068161	14.245
1	2021-12-01 04:33:00	-0.0070244	-0.0079521	-0.0068161	14.274
1	2021-12-01 04:34:00	-0.006854	-0.0079521	-0.0056801	14.22
1	2021-12-01 04:35:00	-0.0069676	-0.0079521	-0.0056801	14.254
1	2021-12-01 04:36:00	-0.006835	-0.0079521	-0.0056801	14.249
1	2021-12-01 04:37:00	-0.006835	-0.0079521	-0.0068161	14.275
1	2021-12-01 04:38:00	-0.006854	-0.0079521	-0.0056801	14.298
1	2021-12-01 04:39:00	-0.0069297	-0.0090881	-0.0068161	14.244
1	2021-12-01 04:40:00	-0.0067972	-0.0079521	-0.0056801	14.28
1	2021-12-01 04:41:00	-0.0067025	-0.0068161	-0.0056801	14.237
1	2021-12-01 04:42:00	-0.0067593	-0.0068161	-0.0056801	14.25
1	2021-12-01 04:43:00	-0.0067404	-0.0079521	-0.0056801	14.273
1	2021-12-01 04:44:00	-0.0067972	-0.0079521	-0.0056801	14.244
1	2021-12-01 04:45:00	-0.0066268	-0.0068161	-0.0056801	14.216
1	2021-12-01 04:46:00	-0.0066268	-0.0079521	-0.0056801	14.32
1	2021-12-01 04:47:00	-0.0066646	-0.0068161	-0.0056801	14.303
1	2021-12-01 04:48:00	-0.00657	-0.0068161	-0.0056801	14.354
1	2021-12-01 04:49:00	-0.0064185	-0.0079521	-0.0056801	14.352
1	2021-12-01 04:50:00	-0.0063806	-0.0068161	-0.0056801	14.273
1	2021-12-01 04:51:00	-0.0064942	-0.0068161	-0.0056801	14.269
1	2021-12-01 04:52:00	-0.00657	-0.0068161	-0.0056801	14.222
1	2021-12-01 04:53:00	-0.0066268	-0.0079521	-0.0056801	14.275
1	2021-12-01 04:54:00	-0.0065321	-0.0068161	-0.0056801	14.254
1	2021-12-01 04:55:00	-0.00657	-0.0068161	-0.0034081	14.248
1	2021-12-01 04:56:00	-0.0065889	-0.0068161	-0.0056801	14.243
1	2021-12-01 04:57:00	-0.00657	-0.0068161	-0.0056801	14.268
1	2021-12-01 04:58:00	-0.006551	-0.0068161	-0.0056801	14.254
1	2021-12-01 04:59:00	-0.0067972	-0.010224	-0.0056801	14.212
1	2021-12-01 05:00:00	-0.0066836	-0.010224	-0.0056801	14.254
1	2021-12-01 05:01:00	-0.0064374	-0.0079521	-0.002272	14.238
1	2021-12-01 05:02:00	-0.006286	-0.0090881	-0.0045441	14.245
1	2021-12-01 05:03:00	-0.0060966	-0.0090881	-0.0034081	14.251
1	2021-12-01 05:04:00	-0.0058505	-0.0068161	-0.0045441	14.224
1	2021-12-01 05:05:00	-0.0058316	-0.0068161	-0.0056801	14.271
1	2021-12-01 05:06:00	-0.0056422	-0.0068161	-0.0034081	14.272
1	2021-12-01 05:07:00	-0.0057748	-0.0068161	-0.0045441	14.244
1	2021-12-01 05:08:00	-0.0057558	-0.0068161	-0.0045441	14.239
1	2021-12-01 05:09:00	-0.0056612	-0.0068161	-0.0045441	14.262
1	2021-12-01 05:10:00	-0.0056233	-0.0068161	-0.002272	14.21
1	2021-12-01 05:11:00	-0.0056612	-0.0056801	-0.0045441	14.267
1	2021-12-01 05:12:00	-0.0056801	-0.0068161	-0.0045441	14.233
1	2021-12-01 05:13:00	-0.005699	-0.0068161	-0.0045441	14.26
1	2021-12-01 05:14:00	-0.005718	-0.0068161	-0.0056801	14.257
1	2021-12-01 05:15:00	-0.005699	-0.0068161	-0.0056801	14.268
1	2021-12-01 05:16:00	-0.0058126	-0.0079521	-0.0034081	14.258
1	2021-12-01 05:17:00	-0.005699	-0.0068161	-0.0045441	14.279
1	2021-12-01 05:18:00	-0.0057369	-0.0068161	-0.0045441	14.21
1	2021-12-01 05:19:00	-0.0056233	-0.0056801	-0.0045441	14.204
1	2021-12-01 05:20:00	-0.0056612	-0.0068161	-0.0045441	14.218
1	2021-12-01 05:21:00	-0.0056422	-0.0068161	-0.0045441	14.264
1	2021-12-01 05:22:00	-0.005699	-0.0068161	-0.0056801	14.272
1	2021-12-01 05:23:00	-0.005718	-0.0079521	-0.0045441	14.257
1	2021-12-01 05:24:00	-0.0056233	-0.0079521	-0.0034081	14.23
1	2021-12-01 05:25:00	-0.005718	-0.0068161	-0.0056801	14.254
1	2021-12-01 05:26:00	-0.005718	-0.0068161	-0.0056801	14.23
1	2021-12-01 05:27:00	-0.0060398	-0.0068161	-0.0045441	14.214
1	2021-12-01 05:28:00	-0.0063049	-0.0079521	-0.0056801	14.227
1	2021-12-01 05:29:00	-0.0064753	-0.0079521	-0.0045441	14.264
1	2021-12-01 05:30:00	-0.0064564	-0.0068161	-0.0056801	14.298
1	2021-12-01 05:31:00	-0.0066646	-0.0079521	-0.0045441	14.343
1	2021-12-01 05:32:00	-0.0064753	-0.0079521	-0.0056801	14.303
1	2021-12-01 05:33:00	-0.0067025	-0.0068161	-0.0056801	14.3
1	2021-12-01 05:34:00	-0.0066078	-0.0079521	-0.0056801	14.341
1	2021-12-01 05:35:00	-0.00657	-0.0079521	-0.0056801	14.291
1	2021-12-01 05:36:00	-0.0067404	-0.0079521	-0.0056801	14.314
1	2021-12-01 05:37:00	-0.0067025	-0.0079521	-0.0056801	14.293
1	2021-12-01 05:38:00	-0.0068918	-0.0079521	-0.0056801	14.23
1	2021-12-01 05:39:00	-0.0067782	-0.0068161	-0.0056801	14.262
1	2021-12-01 05:40:00	-0.0068729	-0.0079521	-0.0068161	14.285
1	2021-12-01 05:41:00	-0.0069486	-0.0079521	-0.0056801	14.265
1	2021-12-01 05:42:00	-0.0069865	-0.0079521	-0.0056801	14.259
1	2021-12-01 05:43:00	-0.0069676	-0.0079521	-0.0056801	14.272
1	2021-12-01 05:44:00	-0.0070054	-0.0079521	-0.0056801	14.237
1	2021-12-01 05:45:00	-0.0072894	-0.0090881	-0.0068161	14.223
1	2021-12-01 05:46:00	-0.0072516	-0.0079521	-0.0056801	14.293
1	2021-12-01 05:47:00	-0.0071569	-0.0079521	-0.0045441	14.232
1	2021-12-01 05:48:00	-0.0071569	-0.0079521	-0.0068161	14.216
1	2021-12-01 05:49:00	-0.0072894	-0.0079521	-0.0068161	14.22
1	2021-12-01 05:50:00	-0.0074788	-0.0079521	-0.0068161	14.263
1	2021-12-01 05:51:00	-0.0074788	-0.0079521	-0.0068161	14.269
1	2021-12-01 05:52:00	-0.0077628	-0.0090881	-0.0068161	14.253
1	2021-12-01 05:53:00	-0.0076681	-0.0090881	-0.0068161	14.287
1	2021-12-01 05:54:00	-0.0073462	-0.0090881	-0.0056801	14.235
1	2021-12-01 05:55:00	-0.0072326	-0.0090881	-0.0068161	14.267
1	2021-12-01 05:56:00	-0.0073652	-0.0090881	-0.0056801	14.232
1	2021-12-01 05:57:00	-0.0071077	-0.0079521	-0.0056801	14.186
1	2021-12-01 05:58:00	-0.0072894	-0.01136	-0.0056801	14.207
1	2021-12-01 05:59:00	-0.0068161	-0.0090881	-0.002272	14.236
1	2021-12-01 06:00:00	-0.0064564	-0.0068161	-0.0056801	14.208
1	2021-12-01 06:01:00	-0.0064753	-0.0079521	-0.0045441	14.224
1	2021-12-01 06:02:00	-0.00657	-0.0079521	-0.0056801	14.264
1	2021-12-01 06:03:00	-0.0066646	-0.0079521	-0.0056801	14.257
1	2021-12-01 06:04:00	-0.0063617	-0.0068161	-0.0056801	14.313
1	2021-12-01 06:05:00	-0.0063806	-0.0068161	-0.0056801	14.27
1	2021-12-01 06:06:00	-0.0063996	-0.0068161	-0.0056801	14.242
1	2021-12-01 06:07:00	-0.0061913	-0.0079521	-0.0056801	14.271
1	2021-12-01 06:08:00	-0.0066268	-0.0079521	-0.0056801	14.257
1	2021-12-01 06:09:00	-0.0067404	-0.0079521	-0.0056801	14.26
1	2021-12-01 06:10:00	-0.0068729	-0.0090881	-0.0056801	14.191
1	2021-12-01 06:11:00	-0.0067972	-0.0079521	-0.0056801	14.297
1	2021-12-01 06:12:00	-0.006835	-0.0079521	-0.0045441	14.259
1	2021-12-01 06:13:00	-0.0070054	-0.0079521	-0.0045441	14.301
1	2021-12-01 06:14:00	-0.007119	-0.0079521	-0.0056801	14.284
1	2021-12-01 06:15:00	-0.0072137	-0.0079521	-0.0068161	14.3
1	2021-12-01 06:16:00	-0.0073652	-0.0090881	-0.0068161	14.266
1	2021-12-01 06:17:00	-0.0071077	-0.0079521	-0.0056801	14.294
1	2021-12-01 06:18:00	-0.0073273	-0.0079521	-0.0068161	14.254
1	2021-12-01 06:19:00	-0.0075166	-0.010224	-0.0056801	14.254
1	2021-12-01 06:20:00	-0.0074788	-0.0079521	-0.0056801	14.242
1	2021-12-01 06:21:00	-0.0075734	-0.0079521	-0.0068161	14.281
1	2021-12-01 06:22:00	-0.007706	-0.010224	-0.0068161	14.268
1	2021-12-01 06:23:00	-0.0075356	-0.0079521	-0.0056801	14.285
1	2021-12-01 06:24:00	-0.007687	-0.0090881	-0.0056801	14.216
1	2021-12-01 06:25:00	-0.0078007	-0.0090881	-0.0068161	14.214
1	2021-12-01 06:26:00	-0.0076681	-0.010224	-0.0056801	14.248
1	2021-12-01 06:27:00	-0.0074977	-0.0090881	-0.0068161	14.276
1	2021-12-01 06:28:00	-0.0076681	-0.0090881	-0.0068161	14.282
1	2021-12-01 06:29:00	-0.007706	-0.0090881	-0.0068161	14.243
1	2021-12-01 06:30:00	-0.007687	-0.0090881	-0.0068161	14.279
1	2021-12-01 06:31:00	-0.0077628	-0.0090881	-0.0056801	14.279
1	2021-12-01 06:32:00	-0.0075545	-0.0079521	-0.0068161	14.271
1	2021-12-01 06:33:00	-0.0076302	-0.0090881	-0.0056801	14.257
1	2021-12-01 06:34:00	-0.0075924	-0.0090881	-0.0068161	14.259
1	2021-12-01 06:35:00	-0.0076681	-0.0090881	-0.0068161	14.249
1	2021-12-01 06:36:00	-0.0079143	-0.010224	-0.0068161	14.269
1	2021-12-01 06:37:00	-0.0079143	-0.0090881	-0.0068161	14.258
1	2021-12-01 06:38:00	-0.0079711	-0.01136	-0.0068161	14.269
1	2021-12-01 06:39:00	-0.0080657	-0.010224	-0.0068161	14.264
1	2021-12-01 06:40:00	-0.0080089	-0.0090881	-0.0068161	14.239
1	2021-12-01 06:41:00	-0.0079332	-0.0090881	-0.0068161	14.254
1	2021-12-01 06:42:00	-0.0080279	-0.0090881	-0.0068161	14.233
1	2021-12-01 06:43:00	-0.0079143	-0.0090881	-0.0068161	14.222
1	2021-12-01 06:44:00	-0.0080279	-0.0090881	-0.0068161	14.23
1	2021-12-01 06:45:00	-0.0078953	-0.0090881	-0.0068161	14.256
1	2021-12-01 06:46:00	-0.0079711	-0.0090881	-0.0068161	14.271
1	2021-12-01 06:47:00	-0.0080847	-0.0090881	-0.0068161	14.284
1	2021-12-01 06:48:00	-0.0080468	-0.010224	-0.0068161	14.245
1	2021-12-01 06:49:00	-0.0081036	-0.0090881	-0.0068161	14.256
1	2021-12-01 06:50:00	-0.0083687	-0.010224	-0.0056801	14.239
1	2021-12-01 06:51:00	-0.0084255	-0.010224	-0.0079521	14.343
1	2021-12-01 06:52:00	-0.0083308	-0.010224	-0.0068161	14.302
1	2021-12-01 06:53:00	-0.0082361	-0.0090881	-0.0079521	14.285
1	2021-12-01 06:54:00	-0.0083308	-0.0090881	-0.0079521	14.311
1	2021-12-01 06:55:00	-0.0082172	-0.0090881	-0.0068161	14.297
1	2021-12-01 06:56:00	-0.0081604	-0.0090881	-0.0079521	14.284
1	2021-12-01 06:57:00	-0.0081225	-0.0090881	-0.0079521	14.304
1	2021-12-01 06:58:00	-0.0081983	-0.0090881	-0.0079521	14.212
1	2021-12-01 06:59:00	-0.0081983	-0.0090881	-0.0079521	14.232
1	2021-12-01 07:00:00	-0.0080279	-0.0090881	-0.0068161	14.228
1	2021-12-01 07:01:00	-0.0081036	-0.0090881	-0.0068161	14.259
1	2021-12-01 07:02:00	-0.0081793	-0.0090881	-0.0068161	14.268
1	2021-12-01 07:03:00	-0.0081036	-0.0090881	-0.0079521	14.217
1	2021-12-01 07:04:00	-0.0080468	-0.0090881	-0.0068161	14.244
1	2021-12-01 07:05:00	-0.008274	-0.010224	-0.0079521	14.219
1	2021-12-01 07:06:00	-0.0081793	-0.0090881	-0.0068161	14.293
1	2021-12-01 07:07:00	-0.0081225	-0.0090881	-0.0068161	14.28
1	2021-12-01 07:08:00	-0.0082929	-0.0090881	-0.0079521	14.275
1	2021-12-01 07:09:00	-0.0083876	-0.0090881	-0.0068161	14.228
1	2021-12-01 07:10:00	-0.0083497	-0.0090881	-0.0079521	14.268
1	2021-12-01 07:11:00	-0.0084823	-0.010224	-0.0079521	14.274
1	2021-12-01 07:12:00	-0.0084255	-0.0090881	-0.0079521	14.253
1	2021-12-01 07:13:00	-0.0085769	-0.0090881	-0.0079521	14.314
1	2021-12-01 07:14:00	-0.008558	-0.010224	-0.0079521	14.288
1	2021-12-01 07:15:00	-0.0084444	-0.0090881	-0.0079521	14.223
1	2021-12-01 07:16:00	-0.0085201	-0.010224	-0.0068161	14.246
1	2021-12-01 07:17:00	-0.0086905	-0.010224	-0.0079521	14.253
1	2021-12-01 07:18:00	-0.0085769	-0.0090881	-0.0068161	14.28
1	2021-12-01 07:19:00	-0.0086148	-0.010224	-0.0068161	14.249
1	2021-12-01 07:20:00	-0.008842	-0.010224	-0.0079521	14.281
1	2021-12-01 07:21:00	-0.0086716	-0.010224	-0.0068161	14.284
1	2021-12-01 07:22:00	-0.0085391	-0.010224	-0.0079521	14.222
1	2021-12-01 07:23:00	-0.0086716	-0.010224	-0.0068161	14.234
1	2021-12-01 07:24:00	-0.0084823	-0.0090881	-0.0079521	14.222
1	2021-12-01 07:25:00	-0.0086337	-0.010224	-0.0079521	14.264
1	2021-12-01 07:26:00	-0.0087473	-0.0090881	-0.0079521	14.261
1	2021-12-01 07:27:00	-0.0087852	-0.010224	-0.0079521	14.264
1	2021-12-01 07:28:00	-0.0085769	-0.0090881	-0.0079521	14.265
1	2021-12-01 07:29:00	-0.0086148	-0.0090881	-0.0079521	14.22
1	2021-12-01 07:30:00	-0.0086905	-0.010224	-0.0068161	14.258
1	2021-12-01 07:31:00	-0.0085391	-0.0090881	-0.0079521	14.258
1	2021-12-01 07:32:00	-0.0088231	-0.010224	-0.0079521	14.242
1	2021-12-01 07:33:00	-0.0087095	-0.0090881	-0.0079521	14.29
1	2021-12-01 07:34:00	-0.0086905	-0.010224	-0.0068161	14.301
1	2021-12-01 07:35:00	-0.008842	-0.010224	-0.0068161	14.316
1	2021-12-01 07:36:00	-0.0088231	-0.010224	-0.0068161	14.318
1	2021-12-01 07:37:00	-0.0088231	-0.010224	-0.0079521	14.305
1	2021-12-01 07:38:00	-0.0087284	-0.010224	-0.0079521	14.304
1	2021-12-01 07:39:00	-0.0088231	-0.0090881	-0.0079521	14.267
1	2021-12-01 07:40:00	-0.0089745	-0.010224	-0.0079521	14.287
1	2021-12-01 07:41:00	-0.0086905	-0.010224	-0.0079521	14.238
1	2021-12-01 07:42:00	-0.0088609	-0.010224	-0.0079521	14.262
1	2021-12-01 07:43:00	-0.0086148	-0.0090881	-0.0079521	14.249
1	2021-12-01 07:44:00	-0.0087663	-0.01136	-0.0079521	14.27
1	2021-12-01 07:45:00	-0.0087473	-0.0090881	-0.0079521	14.226
1	2021-12-01 07:46:00	-0.0087852	-0.010224	-0.0079521	14.269
1	2021-12-01 07:47:00	-0.008842	-0.010224	-0.0068161	14.266
1	2021-12-01 07:48:00	-0.0087852	-0.010224	-0.0068161	14.251
1	2021-12-01 07:49:00	-0.0088988	-0.010224	-0.0079521	14.264
1	2021-12-01 07:50:00	-0.0089709	-0.010224	-0.0079521	14.274
1	2021-12-01 07:51:00	-0.0088231	-0.0090881	-0.0079521	14.266
1	2021-12-01 07:52:00	-0.0089177	-0.010224	-0.0079521	14.245
1	2021-12-01 07:53:00	-0.0089177	-0.010224	-0.0079521	14.294
1	2021-12-01 07:54:00	-0.0089177	-0.0090881	-0.0079521	14.272
1	2021-12-01 07:55:00	-0.0089745	-0.010224	-0.0079521	14.255
1	2021-12-01 07:56:00	-0.0090692	-0.010224	-0.0079521	14.231
1	2021-12-01 07:57:00	-0.0089367	-0.010224	-0.0079521	14.266
1	2021-12-01 07:58:00	-0.0089556	-0.010224	-0.0079521	14.275
1	2021-12-01 07:59:00	-0.0088988	-0.0090881	-0.0079521	14.268
1	2021-12-01 08:00:00	-0.0088609	-0.010224	-0.0068161	14.302
1	2021-12-01 08:01:00	-0.0089556	-0.0090881	-0.0079521	14.244
1	2021-12-01 08:02:00	-0.0089935	-0.010224	-0.0079521	14.253
1	2021-12-01 08:03:00	-0.0090124	-0.010224	-0.0079521	14.269
1	2021-12-01 08:04:00	-0.0088988	-0.010224	-0.0079521	14.244
1	2021-12-01 08:05:00	-0.0088609	-0.010224	-0.0079521	14.254
1	2021-12-01 08:06:00	-0.0090124	-0.010224	-0.0079521	14.253
1	2021-12-01 08:07:00	-0.0089745	-0.010224	-0.0079521	14.267
1	2021-12-01 08:08:00	-0.0090313	-0.010224	-0.0079521	14.272
1	2021-12-01 08:09:00	-0.0089556	-0.010224	-0.0079521	14.238
1	2021-12-01 08:10:00	-0.0090692	-0.010224	-0.0079521	14.269
1	2021-12-01 08:11:00	-0.0090124	-0.010224	-0.0079521	14.293
1	2021-12-01 08:12:00	-0.009126	-0.010224	-0.0079521	14.358
1	2021-12-01 08:13:00	-0.0090124	-0.010224	-0.0079521	14.325
1	2021-12-01 08:14:00	-0.0089745	-0.010224	-0.0079521	14.294
1	2021-12-01 08:15:00	-0.0091071	-0.010224	-0.0079521	14.31
1	2021-12-01 08:16:00	-0.0090313	-0.010224	-0.0079521	14.31
1	2021-12-01 08:17:00	-0.0090881	-0.01136	-0.0079521	14.307
1	2021-12-01 08:18:00	-0.0090503	-0.010224	-0.0079521	14.255
1	2021-12-01 08:19:00	-0.0090313	-0.01136	-0.0079521	14.282
1	2021-12-01 08:20:00	-0.0090313	-0.010224	-0.0079521	14.253
1	2021-12-01 08:21:00	-0.0090692	-0.010224	-0.0079521	14.217
1	2021-12-01 08:22:00	-0.0091071	-0.01136	-0.0079521	14.321
1	2021-12-01 08:23:00	-0.0090692	-0.010224	-0.0079521	14.329
1	2021-12-01 08:24:00	-0.0091071	-0.010224	-0.0079521	14.24
1	2021-12-01 08:25:00	-0.009126	-0.010224	-0.0079521	14.268
1	2021-12-01 08:26:00	-0.0090503	-0.010224	-0.0079521	14.276
1	2021-12-01 08:27:00	-0.0090692	-0.01136	-0.0079521	14.252
1	2021-12-01 08:28:00	-0.0091071	-0.010224	-0.0079521	14.227
1	2021-12-01 08:29:00	-0.0091071	-0.01136	-0.0079521	14.229
1	2021-12-01 08:30:00	-0.0091449	-0.010224	-0.0079521	14.252
1	2021-12-01 08:31:00	-0.0089935	-0.010224	-0.0079521	14.285
1	2021-12-01 08:32:00	-0.009126	-0.010224	-0.0079521	14.297
1	2021-12-01 08:33:00	-0.0090881	-0.010224	-0.0079521	14.254
1	2021-12-01 08:34:00	-0.0090881	-0.010224	-0.0079521	14.275
1	2021-12-01 08:35:00	-0.009126	-0.010224	-0.0079521	14.278
1	2021-12-01 08:36:00	-0.0089556	-0.010224	-0.0079521	14.309
1	2021-12-01 08:37:00	-0.0091449	-0.010224	-0.0079521	14.28
1	2021-12-01 08:38:00	-0.0091449	-0.010224	-0.0079521	14.258
1	2021-12-01 08:39:00	-0.0091639	-0.010224	-0.0079521	14.244
1	2021-12-01 08:40:00	-0.009126	-0.010224	-0.0079521	14.245
1	2021-12-01 08:41:00	-0.0091071	-0.010224	-0.0079521	14.224
1	2021-12-01 08:42:00	-0.0090124	-0.010224	-0.0079521	14.276
1	2021-12-01 08:43:00	-0.0090692	-0.010224	-0.0079521	14.32
1	2021-12-01 08:44:00	-0.0091449	-0.012496	-0.0079521	14.304
1	2021-12-01 08:45:00	-0.0090503	-0.010224	-0.0079521	14.318
1	2021-12-01 08:46:00	-0.0091071	-0.010224	-0.0079521	14.284
1	2021-12-01 08:47:00	-0.0090503	-0.010224	-0.0068161	14.29
1	2021-12-01 08:48:00	-0.0090124	-0.010224	-0.0079521	14.252
1	2021-12-01 08:49:00	-0.0090313	-0.010224	-0.0068161	14.316
1	2021-12-01 08:50:00	-0.0090692	-0.010224	-0.0079521	14.38
1	2021-12-01 08:51:00	-0.0090313	-0.010224	-0.0079521	14.311
1	2021-12-01 08:52:00	-0.0091071	-0.010224	-0.0079521	14.358
1	2021-12-01 08:53:00	-0.0090503	-0.010224	-0.0079521	14.356
1	2021-12-01 08:54:00	-0.0089745	-0.010224	-0.0079521	14.346
1	2021-12-01 08:55:00	-0.0090692	-0.010224	-0.0079521	14.332
1	2021-12-01 08:56:00	-0.0091639	-0.010224	-0.0079521	14.322
1	2021-12-01 08:57:00	-0.0090881	-0.010224	-0.0079521	14.301
1	2021-12-01 08:58:00	-0.0090692	-0.010224	-0.0079521	14.29
1	2021-12-01 08:59:00	-0.0091071	-0.010224	-0.0079521	14.29
1	2021-12-01 09:00:00	-0.0092017	-0.01136	-0.0068161	14.282
1	2021-12-01 09:01:00	-0.0090881	-0.010224	-0.0079521	14.28
1	2021-12-01 09:02:00	-0.0090124	-0.010224	-0.0079521	14.243
1	2021-12-01 09:03:00	-0.009126	-0.010224	-0.0079521	14.28
1	2021-12-01 09:04:00	-0.0090881	-0.010224	-0.0056801	14.281
1	2021-12-01 09:05:00	-0.0090313	-0.010224	-0.0079521	14.269
1	2021-12-01 09:06:00	-0.0091071	-0.01136	-0.0079521	14.322
1	2021-12-01 09:07:00	-0.0090881	-0.010224	-0.0079521	14.29
1	2021-12-01 09:08:00	-0.0090313	-0.010224	-0.0079521	14.333
1	2021-12-01 09:09:00	-0.0090692	-0.010224	-0.0079521	14.259
1	2021-12-01 09:10:00	-0.0090313	-0.0090881	-0.0079521	14.281
1	2021-12-01 09:11:00	-0.0090881	-0.010224	-0.0079521	14.239
1	2021-12-01 09:12:00	-0.0089745	-0.010224	-0.0079521	14.258
1	2021-12-01 09:13:00	-0.0090503	-0.010224	-0.0079521	14.266
1	2021-12-01 09:14:00	-0.0088799	-0.010224	-0.0068161	14.29
1	2021-12-01 09:15:00	-0.0090692	-0.010224	-0.0079521	14.309
1	2021-12-01 09:16:00	-0.0089367	-0.010224	-0.0079521	14.274
1	2021-12-01 09:17:00	-0.0090503	-0.010224	-0.0079521	14.267
1	2021-12-01 09:18:00	-0.0092017	-0.010224	-0.0079521	14.285
1	2021-12-01 09:19:00	-0.0089177	-0.010224	-0.0079521	14.292
1	2021-12-01 09:20:00	-0.0089556	-0.010224	-0.0079521	14.265
1	2021-12-01 09:21:00	-0.0089935	-0.010224	-0.0079521	14.257
1	2021-12-01 09:22:00	-0.0089745	-0.010224	-0.0079521	14.237
1	2021-12-01 09:23:00	-0.0090503	-0.010224	-0.0079521	14.291
1	2021-12-01 09:24:00	-0.009126	-0.010224	-0.0079521	14.26
1	2021-12-01 09:25:00	-0.0092775	-0.010224	-0.0079521	14.296
1	2021-12-01 09:26:00	-0.0095804	-0.010224	-0.0079521	14.335
1	2021-12-01 09:27:00	-0.009694	-0.010224	-0.0090881	14.331
1	2021-12-01 09:28:00	-0.009978	-0.01136	-0.0090881	14.27
1	2021-12-01 09:29:00	-0.010092	-0.01136	-0.0090881	14.361
1	2021-12-01 09:30:00	-0.010092	-0.01136	-0.0090881	14.333
1	2021-12-01 09:31:00	-0.010148	-0.01136	-0.0079521	14.353
1	2021-12-01 09:32:00	-0.010111	-0.01136	-0.0090881	14.288
1	2021-12-01 09:33:00	-0.010243	-0.01136	-0.0090881	14.286
1	2021-12-01 09:34:00	-0.010338	-0.01136	-0.0090881	14.258
1	2021-12-01 09:35:00	-0.010376	-0.01136	-0.0090881	14.271
1	2021-12-01 09:36:00	-0.010338	-0.01136	-0.0090881	14.258
1	2021-12-01 09:37:00	-0.0103	-0.01136	-0.0090881	14.245
1	2021-12-01 09:38:00	-0.010262	-0.01136	-0.010224	14.268
1	2021-12-01 09:39:00	-0.010357	-0.01136	-0.0090881	14.279
1	2021-12-01 09:40:00	-0.010281	-0.01136	-0.0079521	14.243
1	2021-12-01 09:41:00	-0.010489	-0.012496	-0.0079521	14.219
1	2021-12-01 09:42:00	-0.010413	-0.012496	-0.0090881	14.28
1	2021-12-01 09:43:00	-0.010546	-0.01136	-0.010224	14.284
1	2021-12-01 09:44:00	-0.010603	-0.012496	-0.0079521	14.243
1	2021-12-01 09:45:00	-0.010508	-0.01136	-0.0090881	14.275
1	2021-12-01 09:46:00	-0.010697	-0.01136	-0.010224	14.249
1	2021-12-01 09:47:00	-0.010811	-0.01136	-0.010224	14.216
1	2021-12-01 09:48:00	-0.010508	-0.012496	-0.0090881	14.233
1	2021-12-01 09:49:00	-0.010716	-0.01136	-0.010224	14.264
1	2021-12-01 09:50:00	-0.01066	-0.012496	-0.010224	14.222
1	2021-12-01 09:51:00	-0.010565	-0.01136	-0.0090881	14.306
1	2021-12-01 09:52:00	-0.010641	-0.012496	-0.0090881	14.254
1	2021-12-01 09:53:00	-0.011038	-0.012496	-0.010224	14.289
1	2021-12-01 09:54:00	-0.010906	-0.013632	-0.010224	14.24
1	2021-12-01 09:55:00	-0.010792	-0.01136	-0.010224	14.249
1	2021-12-01 09:56:00	-0.010963	-0.012496	-0.010224	14.248
1	2021-12-01 09:57:00	-0.011057	-0.012496	-0.010224	14.217
1	2021-12-01 09:58:00	-0.010944	-0.012496	-0.010224	14.238
1	2021-12-01 09:59:00	-0.011019	-0.01136	-0.0090881	14.251
1	2021-12-01 10:00:00	-0.010868	-0.01136	-0.0090881	14.233
1	2021-12-01 10:01:00	-0.010773	-0.01136	-0.0090881	14.199
1	2021-12-01 10:02:00	-0.010716	-0.01136	-0.0090881	14.301
1	2021-12-01 10:03:00	-0.010906	-0.012496	-0.0090881	14.317
1	2021-12-01 10:04:00	-0.01083	-0.012496	-0.010224	14.303
1	2021-12-01 10:05:00	-0.010868	-0.012496	-0.010224	14.29
1	2021-12-01 10:06:00	-0.010963	-0.012496	-0.0090881	14.343
1	2021-12-01 10:07:00	-0.010716	-0.01136	-0.010224	14.341
1	2021-12-01 10:08:00	-0.01083	-0.01136	-0.0090881	14.316
1	2021-12-01 10:09:00	-0.010735	-0.012496	-0.0090881	14.288
1	2021-12-01 10:10:00	-0.010925	-0.012496	-0.010224	14.273
1	2021-12-01 10:11:00	-0.010849	-0.012496	-0.010224	14.213
1	2021-12-01 10:12:00	-0.010849	-0.012496	-0.010224	14.232
1	2021-12-01 10:13:00	-0.010963	-0.012496	-0.0090881	14.204
1	2021-12-01 10:14:00	-0.011019	-0.012496	-0.0090881	14.254
1	2021-12-01 10:15:00	-0.010963	-0.01136	-0.0090881	14.246
1	2021-12-01 10:16:00	-0.010887	-0.012496	-0.010224	14.243
1	2021-12-01 10:17:00	-0.010944	-0.01136	-0.010224	14.266
1	2021-12-01 10:18:00	-0.011019	-0.013632	-0.0090881	14.196
1	2021-12-01 10:19:00	-0.011019	-0.012496	-0.010224	14.235
1	2021-12-01 10:20:00	-0.011133	-0.012496	-0.0090881	14.202
1	2021-12-01 10:21:00	-0.010963	-0.012496	-0.010224	14.228
1	2021-12-01 10:22:00	-0.010963	-0.01136	-0.0090881	14.162
1	2021-12-01 10:23:00	-0.011076	-0.012496	-0.010224	14.232
1	2021-12-01 10:24:00	-0.011038	-0.012496	-0.010224	14.233
1	2021-12-01 10:25:00	-0.011019	-0.012496	-0.010224	14.179
1	2021-12-01 10:26:00	-0.011038	-0.012496	-0.010224	14.217
1	2021-12-01 10:27:00	-0.010981	-0.012496	-0.0090881	14.219
1	2021-12-01 10:28:00	-0.010792	-0.01136	-0.010224	14.181
1	2021-12-01 10:29:00	-0.011095	-0.012496	-0.010224	14.203
1	2021-12-01 10:30:00	-0.010906	-0.012496	-0.0090881	14.236
1	2021-12-01 10:31:00	-0.011228	-0.012496	-0.010224	14.262
1	2021-12-01 10:32:00	-0.011114	-0.01136	-0.010224	14.246
1	2021-12-01 10:33:00	-0.011284	-0.013632	-0.010224	14.213
1	2021-12-01 10:34:00	-0.011228	-0.01136	-0.010224	14.245
1	2021-12-01 10:35:00	-0.011209	-0.012496	-0.010224	14.261
1	2021-12-01 10:36:00	-0.011114	-0.012496	-0.010224	14.21
1	2021-12-01 10:37:00	-0.01119	-0.012496	-0.010224	14.311
1	2021-12-01 10:38:00	-0.011114	-0.01136	-0.010224	14.298
1	2021-12-01 10:39:00	-0.011019	-0.012496	-0.010224	14.327
1	2021-12-01 10:40:00	-0.011057	-0.012496	-0.010224	14.357
1	2021-12-01 10:41:00	-0.011038	-0.012496	-0.010224	14.276
1	2021-12-01 10:42:00	-0.011247	-0.012496	-0.010224	14.248
1	2021-12-01 10:43:00	-0.011133	-0.012496	-0.010224	14.306
1	2021-12-01 10:44:00	-0.011114	-0.012496	-0.010224	14.252
1	2021-12-01 10:45:00	-0.010925	-0.01136	-0.010224	14.272
1	2021-12-01 10:46:00	-0.010887	-0.01136	-0.010224	14.173
1	2021-12-01 10:47:00	-0.010584	-0.01136	-0.0090881	14.222
1	2021-12-01 10:48:00	-0.010944	-0.01136	-0.010224	14.233
1	2021-12-01 10:49:00	-0.010868	-0.012496	-0.010224	14.216
1	2021-12-01 10:50:00	-0.010622	-0.012496	-0.0090881	14.186
1	2021-12-01 10:51:00	-0.010963	-0.01136	-0.010224	14.278
1	2021-12-01 10:52:00	-0.010944	-0.01136	-0.010224	14.242
1	2021-12-01 10:53:00	-0.011057	-0.01136	-0.0090881	14.248
1	2021-12-01 10:54:00	-0.011019	-0.01136	-0.010224	14.255
1	2021-12-01 10:55:00	-0.011114	-0.012496	-0.010224	14.239
1	2021-12-01 10:56:00	-0.011	-0.012496	-0.0079521	14.207
1	2021-12-01 10:57:00	-0.011057	-0.01136	-0.010224	14.21
1	2021-12-01 10:58:00	-0.010944	-0.012496	-0.010224	14.231
1	2021-12-01 10:59:00	-0.010906	-0.01136	-0.010224	14.18
1	2021-12-01 11:00:00	-0.011076	-0.012496	-0.010224	14.198
1	2021-12-01 11:01:00	-0.011228	-0.012496	-0.010224	14.249
1	2021-12-01 11:02:00	-0.011209	-0.012496	-0.010224	14.265
1	2021-12-01 11:03:00	-0.011076	-0.012496	-0.010224	14.249
1	2021-12-01 11:04:00	-0.011076	-0.012496	-0.010224	14.21
1	2021-12-01 11:05:00	-0.011171	-0.012496	-0.010224	14.227
1	2021-12-01 11:06:00	-0.011133	-0.012496	-0.010224	14.222
1	2021-12-01 11:07:00	-0.011209	-0.012496	-0.010224	14.188
1	2021-12-01 11:08:00	-0.011228	-0.012496	-0.010224	14.191
1	2021-12-01 11:09:00	-0.011247	-0.01136	-0.010224	14.187
1	2021-12-01 11:10:00	-0.01119	-0.012496	-0.010224	14.152
1	2021-12-01 11:11:00	-0.011133	-0.013632	-0.0090881	14.157
1	2021-12-01 11:12:00	-0.011284	-0.012496	-0.010224	14.202
1	2021-12-01 11:13:00	-0.011076	-0.01136	-0.010224	14.128
1	2021-12-01 11:14:00	-0.011152	-0.012496	-0.010224	14.155
1	2021-12-01 11:15:00	-0.011019	-0.012496	-0.010224	14.172
1	2021-12-01 11:16:00	-0.01083	-0.01136	-0.0079521	14.204
1	2021-12-01 11:17:00	-0.011076	-0.01136	-0.0090881	14.204
1	2021-12-01 11:18:00	-0.011095	-0.012496	-0.010224	14.251
1	2021-12-01 11:19:00	-0.011266	-0.012496	-0.010224	14.238
1	2021-12-01 11:20:00	-0.011057	-0.01136	-0.010224	14.21
1	2021-12-01 11:21:00	-0.011228	-0.01136	-0.010224	14.31
1	2021-12-01 11:22:00	-0.011209	-0.012496	-0.010224	14.315
1	2021-12-01 11:23:00	-0.01119	-0.012496	-0.0090881	14.258
1	2021-12-01 11:24:00	-0.011133	-0.01136	-0.010224	14.268
1	2021-12-01 11:25:00	-0.011266	-0.012496	-0.010224	14.196
1	2021-12-01 11:26:00	-0.011095	-0.01136	-0.010224	14.177
1	2021-12-01 11:27:00	-0.011303	-0.012496	-0.010224	14.191
1	2021-12-01 11:28:00	-0.010906	-0.01136	-0.010224	14.223
1	2021-12-01 11:29:00	-0.011209	-0.01136	-0.010224	14.219
1	2021-12-01 11:30:00	-0.011152	-0.01136	-0.010224	14.166
1	2021-12-01 11:31:00	-0.010811	-0.01136	-0.0090881	14.137
1	2021-12-01 11:32:00	-0.011209	-0.01136	-0.010224	14.141
1	2021-12-01 11:33:00	-0.01119	-0.012496	-0.010224	14.176
1	2021-12-01 11:34:00	-0.011038	-0.012496	-0.010224	14.174
1	2021-12-01 11:35:00	-0.010963	-0.013632	-0.0090881	14.135
1	2021-12-01 11:36:00	-0.010716	-0.012496	-0.010224	14.16
1	2021-12-01 11:37:00	-0.010281	-0.01136	-0.0090881	14.161
1	2021-12-01 11:38:00	-0.010186	-0.010224	-0.0090881	14.169
1	2021-12-01 11:39:00	-0.010262	-0.01136	-0.010224	14.199
1	2021-12-01 11:40:00	-0.010262	-0.01136	-0.0090881	14.222
1	2021-12-01 11:41:00	-0.010224	-0.01136	-0.0090881	14.175
1	2021-12-01 11:42:00	-0.010243	-0.01136	-0.0090881	14.219
1	2021-12-01 11:43:00	-0.0099591	-0.01136	-0.0079521	14.194
1	2021-12-01 11:44:00	-0.010186	-0.01136	-0.0090881	14.166
1	2021-12-01 11:45:00	-0.010357	-0.01136	-0.010224	14.179
1	2021-12-01 11:46:00	-0.0103	-0.01136	-0.0090881	14.191
1	2021-12-01 11:47:00	-0.010319	-0.01136	-0.0090881	14.193
1	2021-12-01 11:48:00	-0.010716	-0.01136	-0.010224	14.187
1	2021-12-01 11:49:00	-0.010622	-0.01136	-0.0090881	14.123
1	2021-12-01 11:50:00	-0.010565	-0.013632	-0.0090881	14.134
1	2021-12-01 11:51:00	-0.010489	-0.01136	-0.0090881	14.11
1	2021-12-01 11:52:00	-0.010395	-0.01136	-0.0090881	14.196
1	2021-12-01 11:53:00	-0.010641	-0.012496	-0.0090881	14.215
1	2021-12-01 11:54:00	-0.010716	-0.01136	-0.0090881	14.258
1	2021-12-01 11:55:00	-0.01047	-0.015904	-0.0079521	14.211
1	2021-12-01 11:56:00	-0.010016	-0.012496	-0.0079521	14.259
1	2021-12-01 11:57:00	-0.0096751	-0.01136	-0.0068161	14.204
1	2021-12-01 11:58:00	-0.0092396	-0.012496	-0.0068161	14.259
1	2021-12-01 11:59:00	-0.0093153	-0.012496	-0.0079521	14.27
1	2021-12-01 12:00:00	-0.0093532	-0.01136	-0.0079521	14.246
1	2021-12-01 12:01:00	-0.009126	-0.010224	-0.0068161	14.217
1	2021-12-01 12:02:00	-0.0089709	-0.010224	-0.0079521	14.175
1	2021-12-01 12:03:00	-0.0089935	-0.010224	-0.0068161	14.175
1	2021-12-01 12:04:00	-0.008842	-0.012496	-0.0068161	14.173
1	2021-12-01 12:05:00	-0.0086148	-0.010224	-0.0079521	14.134
1	2021-12-01 12:06:00	-0.008274	-0.0090881	-0.0068161	14.196
1	2021-12-01 12:07:00	-0.0084065	-0.0090881	-0.0079521	14.179
1	2021-12-01 12:08:00	-0.0087663	-0.010224	-0.0079521	14.236
1	2021-12-01 12:09:00	-0.0085391	-0.0090881	-0.0079521	14.138
1	2021-12-01 12:10:00	-0.008274	-0.0090881	-0.0068161	14.141
1	2021-12-01 12:11:00	-0.0087663	-0.0090881	-0.0079521	14.196
1	2021-12-01 12:12:00	-0.0089367	-0.0090881	-0.0079521	14.132
1	2021-12-01 12:13:00	-0.0090313	-0.010224	-0.0079521	14.186
1	2021-12-01 12:14:00	-0.0089556	-0.0090881	-0.0068161	14.157
1	2021-12-01 12:15:00	-0.0090881	-0.010224	-0.0079521	14.162
1	2021-12-01 12:16:00	-0.0091071	-0.010224	-0.0079521	14.161
1	2021-12-01 12:17:00	-0.0090692	-0.010224	-0.0079521	14.168
1	2021-12-01 12:18:00	-0.0092017	-0.010224	-0.0079521	14.13
1	2021-12-01 12:19:00	-0.0091639	-0.010224	-0.0090881	14.154
1	2021-12-01 12:20:00	-0.0091071	-0.010224	-0.0079521	14.162
1	2021-12-01 12:21:00	-0.0091828	-0.010224	-0.0090881	14.149
1	2021-12-01 12:22:00	-0.0088799	-0.010224	-0.0068161	14.135
1	2021-12-01 12:23:00	-0.008558	-0.010224	-0.0068161	14.137
1	2021-12-01 12:24:00	-0.0092017	-0.010224	-0.0079521	14.243
1	2021-12-01 12:25:00	-0.0092017	-0.010224	-0.0090881	14.207
1	2021-12-01 12:26:00	-0.0092207	-0.010224	-0.0079521	14.156
1	2021-12-01 12:27:00	-0.0092017	-0.010224	-0.0079521	14.166
1	2021-12-01 12:28:00	-0.0093721	-0.010224	-0.0079521	14.151
1	2021-12-01 12:29:00	-0.0091828	-0.010224	-0.0079521	14.148
1	2021-12-01 12:30:00	-0.0091828	-0.010224	-0.0079521	14.149
1	2021-12-01 12:31:00	-0.0093532	-0.010224	-0.0090881	14.188
1	2021-12-01 12:32:00	-0.0093721	-0.010224	-0.0090881	14.206
1	2021-12-01 12:33:00	-0.0094479	-0.010224	-0.0090881	14.188
1	2021-12-01 12:34:00	-0.0095425	-0.01136	-0.0090881	14.234
1	2021-12-01 12:35:00	-0.0095993	-0.010224	-0.0090881	14.232
1	2021-12-01 12:36:00	-0.009694	-0.010224	-0.0079521	14.254
1	2021-12-01 12:37:00	-0.0094857	-0.010224	-0.0079521	14.227
1	2021-12-01 12:38:00	-0.0096751	-0.010224	-0.0090881	14.15
1	2021-12-01 12:39:00	-0.0098265	-0.01136	-0.0090881	14.175
1	2021-12-01 12:40:00	-0.0098834	-0.010224	-0.0090881	14.178
1	2021-12-01 12:41:00	-0.0099212	-0.01136	-0.0090881	14.193
1	2021-12-01 12:42:00	-0.0098265	-0.01136	-0.0090881	14.162
1	2021-12-01 12:43:00	-0.0096561	-0.010224	-0.0079521	14.137
1	2021-12-01 12:44:00	-0.0098644	-0.01136	-0.0079521	14.179
1	2021-12-01 12:45:00	-0.010016	-0.010224	-0.0090881	14.186
1	2021-12-01 12:46:00	-0.0099591	-0.01136	-0.0090881	14.179
1	2021-12-01 12:47:00	-0.009997	-0.01136	-0.0079521	14.136
1	2021-12-01 12:48:00	-0.009997	-0.01136	-0.0090881	14.146
1	2021-12-01 12:49:00	-0.0098644	-0.01136	-0.0079521	14.182
1	2021-12-01 12:50:00	-0.0096751	-0.01704	-0.0034081	14.166
1	2021-12-01 12:51:00	-0.0083687	-0.014768	0.0056801	14.173
1	2021-12-01 12:52:00	-0.007403	-0.010224	-0.001136	14.151
1	2021-12-01 12:53:00	-0.0077817	-0.01136	-0.0056801	14.146
1	2021-12-01 12:54:00	-0.0074598	-0.0090881	-0.0068161	14.181
1	2021-12-01 12:55:00	-0.0072326	-0.0090881	-0.0056801	14.169
1	2021-12-01 12:56:00	-0.0067782	-0.0079521	-0.0056801	14.128
1	2021-12-01 12:57:00	-0.0069865	-0.0079521	-0.0056801	14.236
1	2021-12-01 12:58:00	-0.0067972	-0.0079521	-0.0056801	14.239
1	2021-12-01 12:59:00	-0.007119	-0.0090881	-0.0068161	14.225
1	2021-12-01 13:00:00	-0.0070812	-0.0079521	-0.0056801	14.165
1	2021-12-01 13:01:00	-0.0070054	-0.0079521	-0.0056801	14.188
1	2021-12-01 13:02:00	-0.0069297	-0.0079521	-0.0056801	14.144
1	2021-12-01 13:03:00	-0.0071948	-0.0090881	-0.0056801	14.241
1	2021-12-01 13:04:00	-0.0073084	-0.0079521	-0.0068161	14.239
1	2021-12-01 13:05:00	-0.0073084	-0.0079521	-0.0068161	14.173
1	2021-12-01 13:06:00	-0.007119	-0.0090881	-0.0056801	14.101
1	2021-12-01 13:07:00	-0.0073084	-0.0079521	-0.0068161	14.29
1	2021-12-01 13:08:00	-0.0070244	-0.0079521	-0.0068161	14.254
1	2021-12-01 13:09:00	-0.0071569	-0.0079521	-0.0068161	14.279
1	2021-12-01 13:10:00	-0.0073462	-0.0079521	-0.0068161	14.275
1	2021-12-01 13:11:00	-0.0074977	-0.0079521	-0.0068161	14.215
1	2021-12-01 13:12:00	-0.0072326	-0.0079521	-0.0056801	14.307
1	2021-12-01 13:13:00	-0.0075734	-0.0079521	-0.0068161	14.233
1	2021-12-01 13:14:00	-0.0074598	-0.0090881	-0.0056801	14.23
1	2021-12-01 13:15:00	-0.0072894	-0.0079521	-0.0056801	14.228
1	2021-12-01 13:16:00	-0.0077817	-0.0079521	-0.0068161	14.28
1	2021-12-01 13:17:00	-0.0075166	-0.0079521	-0.0056801	14.196
1	2021-12-01 13:18:00	0.092869	-0.0079521	0.10906	14.205
1	2021-12-01 13:19:00	0.095577	0.094289	0.097697	14.185
1	2021-12-01 13:20:00	0.094062	0.093153	0.095425	14.139
1	2021-12-01 13:21:00	0.092907	0.092017	0.094289	14.196
1	2021-12-01 13:22:00	0.092888	0.090881	0.094289	14.17
1	2021-12-01 13:23:00	0.092491	0.092017	0.093153	14.139
1	2021-12-01 13:24:00	0.092415	0.090881	0.093153	14.189
1	2021-12-01 13:25:00	0.092188	0.092017	0.093153	14.205
1	2021-12-01 13:26:00	0.091961	0.090881	0.093153	14.191
1	2021-12-01 13:27:00	0.091544	0.090881	0.093153	14.207
1	2021-12-01 13:28:00	0.091222	0.090881	0.092017	14.122
1	2021-12-01 13:29:00	0.0909	0.089745	0.092017	14.151
1	2021-12-01 13:30:00	0.0909	0.089745	0.092017	14.144
1	2021-12-01 13:31:00	0.091109	0.089745	0.093153	14.134
1	2021-12-01 13:32:00	0.090597	0.089745	0.090881	14.157
1	2021-12-01 13:33:00	0.090692	0.088609	0.092017	14.09
1	2021-12-01 13:34:00	0.090616	0.089745	0.092017	14.122
1	2021-12-01 13:35:00	0.090654	0.089745	0.090881	14.247
1	2021-12-01 13:36:00	0.090465	0.089745	0.092017	14.196
1	2021-12-01 13:37:00	0.090484	0.088609	0.092017	14.194
1	2021-12-01 13:38:00	0.089916	0.088609	0.090881	14.198
1	2021-12-01 13:39:00	0.090313	0.089745	0.092017	14.216
1	2021-12-01 13:40:00	0.090162	0.088609	0.090881	14.243
1	2021-12-01 13:41:00	0.089916	0.088609	0.090881	14.218
1	2021-12-01 13:42:00	0.090143	0.089745	0.090881	14.196
1	2021-12-01 13:43:00	0.089878	0.089745	0.090881	14.243
1	2021-12-01 13:44:00	0.089764	0.088609	0.090881	14.214
1	2021-12-01 13:45:00	0.089556	0.087473	0.090881	14.25
1	2021-12-01 13:46:00	0.088893	0.087473	0.089745	14.322
1	2021-12-01 13:47:00	0.08878	0.087473	0.089745	14.321
1	2021-12-01 13:48:00	0.088439	0.087473	0.088609	14.367
1	2021-12-01 13:49:00	0.088401	0.087473	0.089745	14.355
1	2021-12-01 13:50:00	0.088401	0.087473	0.089745	14.257
1	2021-12-01 13:51:00	0.088401	0.087473	0.088609	14.33
1	2021-12-01 13:52:00	0.088496	0.087473	0.089745	14.338
1	2021-12-01 13:53:00	0.088647	0.087473	0.089745	14.282
1	2021-12-01 13:54:00	0.088761	0.087473	0.089745	14.264
1	2021-12-01 13:55:00	0.088723	0.087473	0.089745	14.238
1	2021-12-01 13:56:00	0.088704	0.087473	0.089745	14.251
1	2021-12-01 13:57:00	0.08806	0.087473	0.088609	14.157
1	2021-12-01 13:58:00	0.088155	0.087473	0.088609	14.189
1	2021-12-01 13:59:00	0.088344	0.087473	0.089745	14.205
1	2021-12-01 14:00:00	0.088477	0.087473	0.089745	14.19
1	2021-12-01 14:01:00	0.08825	0.087473	0.088609	14.182
1	2021-12-01 14:02:00	0.088723	0.087473	0.089745	14.164
1	2021-12-01 14:03:00	0.089083	0.088609	0.089745	14.186
1	2021-12-01 14:04:00	0.08912	0.087473	0.090881	14.231
1	2021-12-01 14:05:00	0.089423	0.088609	0.089745	14.259
1	2021-12-01 14:06:00	0.089594	0.088609	0.089745	14.236
1	2021-12-01 14:07:00	0.015715	-0.0068161	0.089745	14.2
1	2021-12-01 14:08:00	-0.0067972	-0.0068161	-0.0056801	14.234
1	2021-12-01 14:09:00	-0.0068161	-0.0068161	-0.0068161	14.228
1	2021-12-01 14:10:00	-0.0067782	-0.0068161	-0.0056801	14.243
1	2021-12-01 14:11:00	-0.0067782	-0.0068161	-0.0056801	14.276
1	2021-12-01 14:12:00	-0.0066646	-0.0068161	-0.0056801	14.307
1	2021-12-01 14:13:00	-0.0067214	-0.0068161	-0.0056801	14.302
1	2021-12-01 14:14:00	-0.0066836	-0.0068161	-0.0056801	14.218
1	2021-12-01 14:15:00	-0.0064942	-0.0068161	-0.0056801	14.224
1	2021-12-01 14:16:00	-0.0064564	-0.0068161	-0.0056801	14.234
1	2021-12-01 14:17:00	-0.0065321	-0.0068161	-0.0056801	14.274
1	2021-12-01 14:18:00	-0.0066836	-0.0068161	-0.0056801	14.221
1	2021-12-01 14:19:00	-0.0067214	-0.0068161	-0.0056801	14.244
1	2021-12-01 14:20:00	-0.00657	-0.0068161	-0.0056801	14.207
1	2021-12-01 14:21:00	-0.0065889	-0.0068161	-0.0056801	14.241
1	2021-12-01 14:22:00	-0.00657	-0.0068161	-0.0056801	14.266
1	2021-12-01 14:23:00	-0.0064185	-0.0079521	-0.0056801	14.24
1	2021-12-01 14:24:00	-0.0063996	-0.0068161	-0.0056801	14.244
1	2021-12-01 14:25:00	-0.0063996	-0.0068161	-0.0056801	14.322
1	2021-12-01 14:26:00	-0.006286	-0.0068161	-0.0056801	14.327
1	2021-12-01 14:27:00	-0.0061156	-0.0068161	-0.0056801	14.274
1	2021-12-01 14:28:00	-0.0062481	-0.0068161	-0.0056801	14.278
1	2021-12-01 14:29:00	-0.0060588	-0.0068161	-0.0056801	14.297
1	2021-12-01 14:30:00	-0.0061345	-0.0079521	-0.0056801	14.285
1	2021-12-01 14:31:00	-0.0060966	-0.0068161	-0.0056801	14.329
1	2021-12-01 14:32:00	-0.0057937	-0.0068161	-0.0045441	14.29
1	2021-12-01 14:33:00	-0.005699	-0.0068161	-0.0056801	14.285
1	2021-12-01 14:34:00	-0.0056801	-0.0056801	-0.0056801	14.283
1	2021-12-01 14:35:00	-0.0056801	-0.0056801	-0.0056801	14.283
1	2021-12-01 14:36:00	-0.0056422	-0.0056801	-0.0045441	14.229
1	2021-12-01 14:37:00	-0.0052067	-0.0056801	-0.0045441	14.244
1	2021-12-01 14:38:00	-0.0046955	-0.0056801	-0.0045441	14.246
1	2021-12-01 14:39:00	-0.0041843	-0.0045441	-0.0034081	14.24
1	2021-12-01 14:40:00	-0.0031808	-0.0045441	-0.002272	14.211
1	2021-12-01 14:41:00	-0.0021963	-0.0034081	-0.001136	14.223
1	2021-12-01 14:42:00	-0.00070054	-0.002272	0	14.263
1	2021-12-01 14:43:00	0.0010603	0	0.002272	14.249
1	2021-12-01 14:44:00	0.003427	0.002272	0.0045441	14.196
1	2021-12-01 14:45:00	0.0069108	0.0056801	0.0090881	14.233
1	2021-12-01 14:46:00	0.011284	0.0090881	0.014768	14.28
1	2021-12-01 14:47:00	0.048773	0.013632	0.12723	14.229
1	2021-12-01 14:48:00	0.12538	0.12269	0.12723	14.253
1	2021-12-01 14:49:00	0.13329	0.12723	0.13973	14.202
1	2021-12-01 14:50:00	0.14844	0.13973	0.15904	14.262
1	2021-12-01 14:51:00	0.16787	0.15677	0.18176	14.201
1	2021-12-01 14:52:00	0.19369	0.17949	0.21357	14.222
1	2021-12-01 14:53:00	0.22908	0.20903	0.2556	14.168
1	2021-12-01 14:54:00	0.27649	0.24311	0.309	14.225
1	2021-12-01 14:55:00	0.34147	0.30672	0.38397	14.191
1	2021-12-01 14:56:00	0.42474	0.3817	0.47372	14.231
1	2021-12-01 14:57:00	0.52516	0.46804	0.58618	14.22
1	2021-12-01 14:58:00	0.65046	0.57142	0.72364	14.238
1	2021-12-01 14:59:00	0.80877	0.72705	0.90427	14.248
1	2021-12-01 15:00:00	1.0078	0.87928	1.1349	14.234
1	2021-12-01 15:01:00	1.2456	1.1088	1.3882	14.243
1	2021-12-01 15:02:00	1.5491	1.3848	1.7256	14.175
1	2021-12-01 15:03:00	1.9378	1.712	2.1346	14.189
1	2021-12-01 15:04:00	2.3383	2.1312	2.5526	14.171
1	2021-12-01 15:05:00	2.7947	2.5345	3.0627	14.153
1	2021-12-01 15:06:00	3.3447	3.0343	3.6989	14.179
1	2021-12-01 15:07:00	3.977	3.6421	4.3191	14.188
1	2021-12-01 15:08:00	4.7462	4.3225	5.1927	14.16
1	2021-12-01 15:09:00	5.5034	5.0564	5.9027	14.099
1	2021-12-01 15:10:00	6.4021	5.8902	6.8638	14.108
1	2021-12-01 15:11:00	7.3696	6.832	7.9055	14.115
1	2021-12-01 15:12:00	8.4372	7.893	9.0018	14.149
1	2021-12-01 15:13:00	9.6088	9.0143	10.317	14.122
1	2021-12-01 15:14:00	10.873	10.205	11.514	14.063
1	2021-12-01 15:15:00	12.238	11.532	12.893	14.099
1	2021-12-01 15:16:00	13.648	12.91	14.389	14.195
1	2021-12-01 15:17:00	15.069	14.357	15.782	14.124
1	2021-12-01 15:18:00	16.51	15.803	17.204	14.134
1	2021-12-01 15:19:00	17.96	17.248	18.77	14.144
1	2021-12-01 15:20:00	19.508	18.708	20.317	14.102
1	2021-12-01 15:21:00	21.131	20.356	21.934	14.126
1	2021-12-01 15:22:00	22.794	21.958	23.669	14.168
1	2021-12-01 15:23:00	24.456	23.544	25.25	14.131
1	2021-12-01 15:24:00	26.109	25.285	26.961	14.13
1	2021-12-01 15:25:00	27.918	26.999	28.855	14.176
1	2021-12-01 15:26:00	29.949	28.906	31.064	14.139
1	2021-12-01 15:27:00	32.121	31.02	33.307	14.175
1	2021-12-01 15:28:00	34.346	33.289	35.387	14.146
1	2021-12-01 15:29:00	36.434	35.398	37.454	14.128
1	2021-12-01 15:30:00	38.524	37.466	39.67	14.128
1	2021-12-01 15:31:00	40.721	39.647	41.84	14.121
1	2021-12-01 15:32:00	43.051	41.84	44.634	14.168
1	2021-12-01 15:33:00	45.661	44.339	47.031	14.165
1	2021-12-01 15:34:00	48.349	47.088	49.712	14.134
1	2021-12-01 15:35:00	51.047	49.496	52.461	14.191
1	2021-12-01 15:36:00	53.72	52.2	55.392	14.13
1	2021-12-01 15:37:00	56.77	54.915	58.8	14.158
1	2021-12-01 15:38:00	60.936	58.391	63.435	14.099
1	2021-12-01 15:39:00	66.543	63.31	69.74	14.23
1	2021-12-01 15:40:00	73.091	69.558	76.795	14.251
1	2021-12-01 15:41:00	80.49	75.988	85.565	14.261
1	2021-12-01 15:42:00	88.768	83.747	93.506	14.185
1	2021-12-01 15:43:00	96.877	92.744	101.01	14.238
1	2021-12-01 15:44:00	102.58	99.606	105.27	14.179
1	2021-12-01 15:45:00	103.82	101.57	106.04	14.171
1	2021-12-01 15:46:00	102.66	100.08	104.77	14.136
1	2021-12-01 15:47:00	100.84	99.504	102.22	14.185
1	2021-12-01 15:48:00	100.47	98.97	101.95	14.153
1	2021-12-01 15:49:00	101.84	99.697	104.72	14.088
1	2021-12-01 15:50:00	104.34	101.92	106.31	14.085
1	2021-12-01 15:51:00	107.19	104.63	109.49	14.123
1	2021-12-01 15:52:00	109.24	107.04	111.47	14.071
1	2021-12-01 15:53:00	108.4	106.64	111.58	14.112
1	2021-12-01 15:54:00	105.49	103.81	107.93	14.129
1	2021-12-01 15:55:00	103.53	102.13	104.52	14.102
1	2021-12-01 15:56:00	105.63	103.2	108.26	14.094
1	2021-12-01 15:57:00	112.9	108.13	119	14.121
1	2021-12-01 15:58:00	126.27	117.67	135.75	14.123
1	2021-12-01 15:59:00	144.4	134.17	154.68	14.131
1	2021-12-01 16:00:00	164.02	155.13	172.66	14.145
1	2021-12-01 16:01:00	176.78	171.55	182.02	14.17
1	2021-12-01 16:02:00	177.34	173.53	181.1	14.125
1	2021-12-01 16:03:00	166.86	158.62	174.29	14.067
1	2021-12-01 16:04:00	150.9	141.91	160.03	14.021
1	2021-12-01 16:05:00	135.47	129.56	142.01	14.118
1	2021-12-01 16:06:00	126.53	123.86	129.76	14.117
1	2021-12-01 16:07:00	125.62	124.01	127.37	14.128
1	2021-12-01 16:08:00	132.51	127.93	138.08	14.17
1	2021-12-01 16:09:00	145.05	137.08	155.08	14.135
1	2021-12-01 16:10:00	163.8	150.14	179.66	14.123
1	2021-12-01 16:11:00	189.06	173.15	202.31	14.076
1	2021-12-01 16:12:00	215.71	200.81	229.11	14.155
1	2021-12-01 16:13:00	233.03	226.37	239.54	14.109
1	2021-12-01 16:14:00	236.8	231.44	241.57	14.117
1	2021-12-01 16:15:00	230.32	224.09	237.64	14.128
1	2021-12-01 16:16:00	229.3	224.02	234.67	14.234
1	2021-12-01 16:17:00	235.7	229.68	243.15	14.207
1	2021-12-01 16:18:00	245.89	235.05	255.94	14.165
1	2021-12-01 16:19:00	237.59	226.41	251.22	14.228
1	2021-12-01 16:20:00	228.09	222.57	232.61	14.197
1	2021-12-01 16:21:00	233.39	224.22	240.3	14.131
1	2021-12-01 16:22:00	244.12	236.55	249.14	14.135
1	2021-12-01 16:23:00	249.73	243.9	255.07	14.173
1	2021-12-01 16:24:00	255.38	247.61	268.78	14.151
1	2021-12-01 16:25:00	265.41	253.01	279.28	14.17
1	2021-12-01 16:26:00	279.73	268.55	294.49	14.17
1	2021-12-01 16:27:00	289.86	275.87	301.96	14.055
1	2021-12-01 16:28:00	275.78	268.74	283.96	14.108
1	2021-12-01 16:29:00	269.8	259.64	277.8	14.144
1	2021-12-01 16:30:00	267.65	259.17	279.51	14.174
1	2021-12-01 16:31:00	273.94	259.19	283.71	14.18
1	2021-12-01 16:32:00	293.46	280.79	310.01	14.19
1	2021-12-01 16:33:00	330.2	305.75	351.94	14.199
1	2021-12-01 16:34:00	344.68	333.31	356.94	14.163
1	2021-12-01 16:35:00	334.75	318.08	357.96	14.123
1	2021-12-01 16:36:00	310.83	298.32	324.11	14.11
1	2021-12-01 16:37:00	305.25	296.05	313.77	14.101
1	2021-12-01 16:38:00	319.46	301.61	332.06	14.17
1	2021-12-01 16:39:00	345.66	327.17	369.89	14.119
1	2021-12-01 16:40:00	386.02	367.27	409.42	14.16
1	2021-12-01 16:41:00	380.44	366.59	394.54	14.138
1	2021-12-01 16:42:00	362.27	350.8	382.61	14.124
1	2021-12-01 16:43:00	356.9	346.26	367.27	14.113
1	2021-12-01 16:44:00	377.06	360.57	396.92	14.169
1	2021-12-01 16:45:00	459.17	386.13	557.33	14.081
1	2021-12-01 16:46:00	527.76	475.99	644.58	14.1
1	2021-12-01 16:47:00	720.44	650.94	763.97	14.128
1	2021-12-01 16:48:00	681.29	583.91	758.86	14.045
1	2021-12-01 16:49:00	564.88	438.5	651.51	14.058
1	2021-12-01 16:50:00	481.2	438.39	533.02	14.064
1	2021-12-01 16:51:00	390.54	328.54	456	14.184
1	2021-12-01 16:52:00	330.93	308.66	346.14	14.163
1	2021-12-01 16:53:00	339.67	302.07	361.25	14.134
1	2021-12-01 16:54:00	359.39	335.58	398.17	14.186
1	2021-12-01 16:55:00	354.62	332.17	380	14.108
1	2021-12-01 16:56:00	443.51	366.02	524.39	14.187
1	2021-12-01 16:57:00	510.72	477.7	538.36	14.186
1	2021-12-01 16:58:00	488.79	438.5	533.13	14.167
1	2021-12-01 16:59:00	487.14	426.69	539.38	14.181
1	2021-12-01 17:00:00	508.32	461	565.4	14.237
1	2021-12-01 17:01:00	512.54	461.68	578.23	14.158
1	2021-12-01 17:02:00	560.48	492.24	608.45	14.134
1	2021-12-01 17:03:00	547.18	468.61	623.11	14.092
1	2021-12-01 17:04:00	568.09	467.81	636.4	14.156
1	2021-12-01 17:05:00	554.46	454.07	619.02	14.144
1	2021-12-01 17:06:00	662.98	563.12	731.59	14.097
1	2021-12-01 17:07:00	688.14	600.5	767.61	14.1
1	2021-12-01 17:08:00	725.95	691.61	763.86	14.17
1	2021-12-01 17:09:00	721.97	684.34	769.42	14.155
1	2021-12-01 17:10:00	687.14	642.53	734.55	14.134
1	2021-12-01 17:11:00	637.19	550.17	750.34	14.148
1	2021-12-01 17:12:00	475.74	392.04	602.09	14.137
1	2021-12-01 17:13:00	598.56	461.22	795.67	14.055
1	2021-12-01 17:14:00	713.72	598.79	840.08	14.112
1	2021-12-01 17:15:00	541.73	465.99	624.7	14.152
1	2021-12-01 17:16:00	476.84	413.06	585.62	14.17
1	2021-12-01 17:17:00	618.41	557.56	702.29	14.087
1	2021-12-01 17:18:00	794.78	595.16	972.66	14.119
1	2021-12-01 17:19:00	808.6	709.56	953.91	14.061
1	2021-12-01 17:20:00	633.51	491.78	782.26	14.219
1	2021-12-01 17:21:00	550.71	489.4	662.18	14.191
1	2021-12-01 17:22:00	661.78	601.41	758.52	14.149
1	2021-12-01 17:23:00	790.75	740.91	891.89	14.179
1	2021-12-01 17:24:00	836.62	773.4	925.63	14.136
1	2021-12-01 17:25:00	819.23	785.67	871.44	14.164
1	2021-12-01 17:26:00	858.85	804.87	942.44	14.116
1	2021-12-01 17:27:00	915	852.24	962.55	14.081
1	2021-12-01 17:28:00	908.54	848.38	960.16	14.199
1	2021-12-01 17:29:00	975.9	925.06	1024.8	14.202
1	2021-12-01 17:30:00	971.21	855.53	1024.9	14.116
1	2021-12-01 17:31:00	631.41	423.51	1015.4	14.196
1	2021-12-01 17:32:00	904.22	669.45	1070.9	14.209
1	2021-12-01 17:33:00	418.19	285.48	730.12	14.128
1	2021-12-01 17:34:00	269.74	254.69	285.03	14.192
1	2021-12-01 17:35:00	216.8	178.91	254.58	14.188
1	2021-12-01 17:36:00	153.55	131.45	177.76	14.271
1	2021-12-01 17:37:00	105.11	77.931	131.39	14.231
1	2021-12-01 17:38:00	67.897	64.264	77.851	14.165
1	2021-12-01 17:39:00	73.608	65.798	84.19	14.159
1	2021-12-01 17:40:00	102.23	84.656	123.5	14.14
1	2021-12-01 17:41:00	154.13	123.35	187.06	14.138
1	2021-12-01 17:42:00	220.15	185.73	251.66	14.13
1	2021-12-01 17:43:00	293.76	254.88	334.59	14.169
1	2021-12-01 17:44:00	380.14	335.62	429.8	14.128
1	2021-12-01 17:45:00	494.51	427.82	559.26	14.068
1	2021-12-01 17:46:00	606.89	550.97	656.96	14.15
1	2021-12-01 17:47:00	676.7	652.19	697.97	14.16
1	2021-12-01 17:48:00	717.71	683.43	770.22	14.097
1	2021-12-01 17:49:00	731.47	707.74	775.45	14.094
1	2021-12-01 17:50:00	1099.7	728.07	1540.2	14.108
1	2021-12-01 17:51:00	1367.1	882.34	1559.9	14.063
1	2021-12-01 17:52:00	1348.3	902.34	1514.8	14.132
1	2021-12-01 17:53:00	1107.4	440.66	1367	14.155
1	2021-12-01 17:54:00	869.33	401.24	1220.4	14.163
1	2021-12-01 17:55:00	817.85	401.35	1046.4	14.12
1	2021-12-01 17:56:00	679.8	438.16	752.27	14.152
1	2021-12-01 17:57:00	616.89	549.72	713.19	14.191
1	2021-12-01 17:58:00	644.65	568.12	737.16	14.118
1	2021-12-01 17:59:00	755.76	691.61	818.05	14.019
1	2021-12-01 18:00:00	819.18	694.9	1082.5	14.123
1	2021-12-01 18:01:00	672.83	571.19	836.11	14.171
1	2021-12-01 18:02:00	566.22	549.15	597.2	14.198
1	2021-12-01 18:03:00	561.12	550.51	571.3	14.143
1	2021-12-01 18:04:00	541.69	522.68	558.35	14.163
1	2021-12-01 18:05:00	502.32	482.13	523.02	14.179
1	2021-12-01 18:06:00	472.03	465.54	484.06	14.16
1	2021-12-01 18:07:00	465.4	459.75	471.67	14.095
1	2021-12-01 18:08:00	462.48	457.59	468.95	14.064
1	2021-12-01 18:09:00	483.94	465.77	505.87	14.119
1	2021-12-01 18:10:00	538.04	506.66	579.71	14.137
1	2021-12-01 18:11:00	613.1	578.69	634.35	14.078
1	2021-12-01 18:12:00	638.72	630.6	646.73	14.086
1	2021-12-01 18:13:00	642.26	630.03	658.44	14.177
1	2021-12-01 18:14:00	629.57	607.09	675.82	14.202
1	2021-12-01 18:15:00	617.01	608.79	625.95	14.215
1	2021-12-01 18:16:00	619.36	610.5	628.67	14.165
1	2021-12-01 18:17:00	630.23	616.29	652.98	14.158
1	2021-12-01 18:18:00	684.69	647.08	722.62	14.152
1	2021-12-01 18:19:00	781.01	724.21	819.41	14.182
1	2021-12-01 18:20:00	843.12	816.23	868.03	14.129
1	2021-12-01 18:21:00	828.63	796.92	859.28	14.136
1	2021-12-01 18:22:00	761.06	724.32	802.71	14.054
1	2021-12-01 18:23:00	717.28	703.65	743.64	14.118
1	2021-12-01 18:24:00	710.52	692.86	742.61	14.188
1	2021-12-01 18:25:00	757.56	727.62	815.77	14.112
1	2021-12-01 18:26:00	862.63	816.23	897	14.16
1	2021-12-01 18:27:00	823.63	798.51	862.24	14.17
1	2021-12-01 18:28:00	799.82	762.84	852.69	14.2
1	2021-12-01 18:29:00	745.2	726.94	763.97	14.132
1	2021-12-01 18:30:00	799.36	753.18	849.29	14.134
1	2021-12-01 18:31:00	793.27	764.77	819.52	14.189
1	2021-12-01 18:32:00	799.44	783.4	819.86	14.175
1	2021-12-01 18:33:00	938.34	825.88	1097.3	14.121
1	2021-12-01 18:34:00	895.97	846.56	953.57	14.12
1	2021-12-01 18:35:00	875.94	841.22	965.96	14.142
1	2021-12-01 18:36:00	845.41	780.78	954.82	14.141
1	2021-12-01 18:37:00	770.35	754.43	795.89	14.079
1	2021-12-01 18:38:00	762.31	749.66	778.51	14.095
1	2021-12-01 18:39:00	803.53	777.94	833.5	14.136
1	2021-12-01 18:40:00	885.89	822.82	999.92	14.087
1	2021-12-01 18:41:00	1274.4	1016.7	1449.7	14.134
1	2021-12-01 18:42:00	1193.7	1041.3	1527.1	14.1
1	2021-12-01 18:43:00	1445.8	1294.6	1595.1	14.052
1	2021-12-01 18:44:00	1641.2	1417	1798.2	14.096
1	2021-12-01 18:45:00	1463.4	1129.9	1673.8	14.152
1	2021-12-01 18:46:00	1202.4	963.46	1634.8	14.116
1	2021-12-01 18:47:00	1273	1120.7	1431.7	14.155
1	2021-12-01 18:48:00	1092.8	984.59	1247	14.162
1	2021-12-01 18:49:00	1015.3	902.45	1237.6	14.233
1	2021-12-01 18:50:00	1216.5	1034.5	1391.1	14.132
1	2021-12-01 18:51:00	1266.2	1115.3	1490.5	14.126
1	2021-12-01 18:52:00	1449.1	1254.2	1565	14.202
1	2021-12-01 18:53:00	1223.7	1086.3	1474.2	14.219
1	2021-12-01 18:54:00	1097.1	1034.7	1159.3	14.231
1	2021-12-01 18:55:00	1126.9	993.79	1276.3	14.243
1	2021-12-01 18:56:00	1134.9	1011.6	1215.5	14.171
1	2021-12-01 18:57:00	1124.5	1041.8	1242	14.239
1	2021-12-01 18:58:00	1320.5	1165.8	1527.1	14.141
1	2021-12-01 18:59:00	1457.7	1318	1591.9	14.159
1	2021-12-01 19:00:00	1379.6	1223.3	1661.1	14.154
1	2021-12-01 19:01:00	1102.7	985.61	1246	14.147
1	2021-12-01 19:02:00	1033.4	944.37	1324.5	14.175
1	2021-12-01 19:03:00	991.85	909.95	1078.2	14.078
1	2021-12-01 19:04:00	897.35	872.35	916.99	14.16
1	2021-12-01 19:05:00	876.87	859.06	898.02	14.123
1	2021-12-01 19:06:00	880.33	849.85	911.43	14.158
1	2021-12-01 19:07:00	1002.7	896.54	1143.1	14.094
1	2021-12-01 19:08:00	1206.4	1019.2	1549	14.153
1	2021-12-01 19:09:00	1024.3	1004.7	1043.8	14.082
1	2021-12-01 19:10:00	1115.6	1041.5	1232.8	14.132
1	2021-12-01 19:11:00	1099.9	1052.4	1211.1	14.173
1	2021-12-01 19:12:00	1100.9	1055.8	1196.1	14.227
1	2021-12-01 19:13:00	1170.3	1034.2	1564.7	14.166
1	2021-12-01 19:14:00	1280.3	1096	1667.6	14.154
1	2021-12-01 19:15:00	1580.6	1368.4	1972.8	14.143
1	2021-12-01 19:16:00	1067.4	923.35	1598.9	14.16
1	2021-12-01 19:17:00	1254.3	947.32	1798.4	14.167
1	2021-12-01 19:18:00	1364.2	1134.4	1970.6	14.15
1	2021-12-01 19:19:00	1016.6	920.74	1185.8	14.205
1	2021-12-01 19:20:00	962.51	912.56	1020.8	14.121
1	2021-12-01 19:21:00	1038.5	998.56	1091.4	14.128
1	2021-12-01 19:22:00	997.05	914.95	1090.9	14.101
1	2021-12-01 19:23:00	1016	962.09	1113.6	14.088
1	2021-12-01 19:24:00	1075.6	1004.9	1166.2	14.098
1	2021-12-01 19:25:00	1114.6	1056	1221.6	14.051
1	2021-12-01 19:26:00	1304.8	1130.7	2042.9	14.121
1	2021-12-01 19:27:00	1179.6	1025.5	2166.4	14.155
1	2021-12-01 19:28:00	1151.5	1045.4	1720.5	14.139
1	2021-12-01 19:29:00	1279	1119.3	1774.5	14.098
1	2021-12-01 19:30:00	1230.1	1066.5	1846.8	14.149
1	2021-12-01 19:31:00	1416.1	1198	1963.9	14.165
1	2021-12-01 19:32:00	1119.1	1040.8	1286.5	14.211
1	2021-12-01 19:33:00	1121.7	1026.6	1335	14.155
1	2021-12-01 19:34:00	1049.4	1014	1154.8	14.166
1	2021-12-01 19:35:00	1152.1	1073.4	1382.5	14.215
1	2021-12-01 19:36:00	1092.6	1069.4	1121.5	14.177
1	2021-12-01 19:37:00	1189.3	1090.9	1441.6	14.152
1	2021-12-01 19:38:00	1174.7	1117.3	1309	14.092
1	2021-12-01 19:39:00	1378.7	1252.2	1588.2	14.052
1	2021-12-01 19:40:00	1461.5	1253.3	1726.7	14.113
1	2021-12-01 19:41:00	1312.4	1260.3	1388.9	14.088
1	2021-12-01 19:42:00	1341.1	1159.5	1571.3	14.102
1	2021-12-01 19:43:00	1109.7	1044.3	1196.6	14.119
1	2021-12-01 19:44:00	1219.8	1090.3	1364.5	14.085
1	2021-12-01 19:45:00	1336	1259.2	1434.8	14.093
1	2021-12-01 19:46:00	1543.4	1271.8	2051.5	14.105
1	2021-12-01 19:47:00	1641.3	1349.5	1973	14.109
1	2021-12-01 19:48:00	1658.1	1248.6	2103.8	14.113
1	2021-12-01 19:49:00	1339.9	1245.2	1487.3	14.135
1	2021-12-01 19:50:00	1342.9	1188.5	1617.2	14.134
1	2021-12-01 19:51:00	1219	1154.6	1297.2	14.108
1	2021-12-01 19:52:00	1377.3	1201.2	1896.5	14.181
1	2021-12-01 19:53:00	1439.5	1253.7	1613.5	14.16
1	2021-12-01 19:54:00	1467.1	1297	1669.4	14.209
1	2021-12-01 19:55:00	1628.1	1223.9	2104	14.075
1	2021-12-01 19:56:00	1608.6	1293.7	2002.1	14.094
1	2021-12-01 19:57:00	1206.9	1086.3	1526.7	14.116
1	2021-12-01 19:58:00	1297.3	1011.9	1975.6	14.11
1	2021-12-01 19:59:00	1471.2	1059.3	2438.3	14.092
1	2021-12-01 20:00:00	1170.2	1091.9	1378.1	14.123
1	2021-12-01 20:01:00	1158.8	1085.2	1343.5	14.113
1	2021-12-01 20:02:00	1405.5	1219.9	1663.2	14.07
1	2021-12-01 20:03:00	1127.8	1000.4	1383.9	14.095
1	2021-12-01 20:04:00	1108	1025.8	1353.6	14.108
1	2021-12-01 20:05:00	1220.4	1041.4	2010.7	14.175
1	2021-12-01 20:06:00	1413.8	1147.9	2068.3	14.071
1	2021-12-01 20:07:00	1146.4	951.41	1566.9	14.141
1	2021-12-01 20:08:00	958	920.51	997.42	14.134
1	2021-12-01 20:09:00	987.75	956.87	1030.4	14.188
1	2021-12-01 20:10:00	1123.2	1016.1	1788.5	14.172
1	2021-12-01 20:11:00	1161.7	1112.7	1417.4	14.163
1	2021-12-01 20:12:00	1125.9	1089.1	1183.4	14.174
1	2021-12-01 20:13:00	1210.3	1124.3	1393.7	14.228
1	2021-12-01 20:14:00	1225.4	1180.5	1328.6	14.222
1	2021-12-01 20:15:00	1217.6	1160.6	1345.7	14.152
1	2021-12-01 20:16:00	1467.8	1245.4	2320.1	14.102
1	2021-12-01 20:17:00	1429.5	1275.5	1629.8	14.165
1	2021-12-01 20:18:00	1405.3	1297.8	1699.5	14.137
1	2021-12-01 20:19:00	1402.9	1297.2	1618	14.105
1	2021-12-01 20:20:00	1436.4	1242.2	1580.9	14.109
1	2021-12-01 20:21:00	1383.2	1248.4	1532.1	14.16
1	2021-12-01 20:22:00	1483	1388.6	1717.8	14.165
1	2021-12-01 20:23:00	1980.2	1474.9	2600.8	14.121
1	2021-12-01 20:24:00	1492.6	1285.9	2135.1	14.112
1	2021-12-01 20:25:00	1317.9	1219.7	1428.9	14.076
1	2021-12-01 20:26:00	1840.4	1363.2	2327.4	14.117
1	2021-12-01 20:27:00	1591.2	1285.7	2033.5	14.132
1	2021-12-01 20:28:00	1395.8	1301.1	1517	14.079
1	2021-12-01 20:29:00	1529.2	1255.9	2200.9	14.108
1	2021-12-01 20:30:00	1719.8	1391.6	2271.6	14.074
1	2021-12-01 20:31:00	1816.7	1557.5	2292.7	14.191
1	2021-12-01 20:32:00	1828.4	1605.8	2087.4	14.151
1	2021-12-01 20:33:00	1603.9	1384.4	1979.3	14.103
1	2021-12-01 20:34:00	1549	1458.2	1805.8	14.087
1	2021-12-01 20:35:00	1598	1424.6	1810.1	14.149
1	2021-12-01 20:36:00	1522.3	1425.6	1733	14.293
1	2021-12-01 20:37:00	1911.2	1614.5	2307.8	14.316
1	2021-12-01 20:38:00	1374.6	1256.5	1561.9	14.201
1	2021-12-01 20:39:00	1471	1316.6	1698.5	14.319
1	2021-12-01 20:40:00	1552.2	1317.3	1892.4	14.193
1	2021-12-01 20:41:00	1621.3	1306	1916.8	14.275
1	2021-12-01 20:42:00	1423.8	1168.3	1666.3	14.277
1	2021-12-01 20:43:00	1312.5	1166.7	1754.8	14.199
1	2021-12-01 20:44:00	1183.7	1121.7	1546.6	14.226
1	2021-12-01 20:45:00	1111.2	1061.7	1155.1	14.197
1	2021-12-01 20:46:00	1090.3	1060.8	1119	14.201
1	2021-12-01 20:47:00	1200.8	1092.4	1274.7	14.228
1	2021-12-01 20:48:00	1208.6	1154.2	1319.4	14.289
1	2021-12-01 20:49:00	1377.3	1241.3	1560.5	14.293
1	2021-12-01 20:50:00	1538.3	1249.6	1951.7	14.261
1	2021-12-01 20:51:00	1288.3	1145.1	1742.4	14.254
1	2021-12-01 20:52:00	1422.2	1305.6	1720.3	14.339
1	2021-12-01 20:53:00	1471.6	1336.9	1713.5	14.246
1	2021-12-01 20:54:00	1332.1	1206.3	1756.4	14.263
1	2021-12-01 20:55:00	1362.3	1260.3	1489.1	14.212
1	2021-12-01 20:56:00	1628.1	1272.1	1953.4	14.284
1	2021-12-01 20:57:00	1678.1	1469.2	2006.9	14.249
1	2021-12-01 20:58:00	1620	1466.8	1867.7	14.237
1	2021-12-01 20:59:00	1671.1	1481.1	1804	14.278
1	2021-12-01 21:00:00	1633.7	1446.4	1889.5	14.327
1	2021-12-01 21:01:00	1687.9	1324.9	1958.7	14.209
1	2021-12-01 21:02:00	1620.6	1153.7	2019.5	14.207
1	2021-12-01 21:03:00	1183.5	663.32	1833.5	14.179
1	2021-12-01 21:04:00	519.43	400.9	658.09	14.193
1	2021-12-01 21:05:00	374.03	366.14	398.06	14.243
1	2021-12-01 21:06:00	388.57	376.14	395.33	14.259
1	2021-12-01 21:07:00	388.17	378.63	408.51	14.264
1	2021-12-01 21:08:00	443.98	404.88	498.03	14.191
1	2021-12-01 21:09:00	754.59	502.12	2202.3	14.239
1	2021-12-01 21:10:00	883.39	836.79	960.28	14.16
1	2021-12-01 21:11:00	1284.4	946.07	1663.4	14.125
1	2021-12-01 21:12:00	1198	1064.7	1481.5	14.253
1	2021-12-01 21:13:00	954.38	879.05	1354.5	14.205
1	2021-12-01 21:14:00	942.58	878.25	1057.3	14.183
1	2021-12-01 21:15:00	785.06	682.86	927.9	14.175
1	2021-12-01 21:16:00	625.62	594.82	679.68	14.202
1	2021-12-01 21:17:00	595.83	591.75	602.54	14.205
1	2021-12-01 21:18:00	625.59	603.57	653.89	14.175
1	2021-12-01 21:19:00	707.33	654.91	781.01	14.207
1	2021-12-01 21:20:00	794.48	784.31	805.78	14.18
1	2021-12-01 21:21:00	816.23	798.17	834.29	14.156
1	2021-12-01 21:22:00	849.74	825.09	882.8	14.228
1	2021-12-01 21:23:00	951.07	885.07	1023.4	14.233
1	2021-12-01 21:24:00	1047.5	1005.4	1159.6	14.285
1	2021-12-01 21:25:00	1088.8	1068.8	1133.2	14.268
1	2021-12-01 21:26:00	1225.1	1094.7	1668.6	14.286
1	2021-12-01 21:27:00	2074.6	1658.5	2686.7	14.361
1	2021-12-01 21:28:00	1676.2	1269	2656.2	14.343
1	2021-12-01 21:29:00	2073.2	1344.4	2651.7	14.242
1	2021-12-01 21:30:00	1855.9	1643.4	2044.1	14.259
1	2021-12-01 21:31:00	1530.3	1307.3	1830.8	14.237
1	2021-12-01 21:32:00	1617.7	1338.9	1811	14.29
1	2021-12-01 21:33:00	1380.6	1240	1537.6	14.275
1	2021-12-01 21:34:00	1522	1383.7	1689	14.28
1	2021-12-01 21:35:00	1670.2	1524	1821	14.231
1	2021-12-01 21:36:00	1695.1	1577	1869.5	14.259
1	2021-12-01 21:37:00	1645.1	1518.9	1914	14.232
1	2021-12-01 21:38:00	1824.2	1621	2045.9	14.163
1	2021-12-01 21:39:00	1978.3	1742.2	2187.9	14.175
1	2021-12-01 21:40:00	1767.3	1559.9	1933.2	14.228
1	2021-12-01 21:41:00	1656.9	1151.8	2136.8	14.265
1	2021-12-01 21:42:00	1615.3	1257.8	1904.9	14.168
1	2021-12-01 21:43:00	1571.9	1328.7	1885.9	14.18
1	2021-12-01 21:44:00	1894.3	1733.3	2036.4	14.229
1	2021-12-01 21:45:00	1958.2	1725.8	2083.9	14.236
1	2021-12-01 21:46:00	1615.3	1323.6	1896.7	14.247
1	2021-12-01 21:47:00	1484.3	1267	1831	14.249
1	2021-12-01 21:48:00	1671.8	1394	1870.1	14.244
1	2021-12-01 21:49:00	1690.8	1503	1987.3	14.187
1	2021-12-01 21:50:00	1653.6	1357.5	1789.7	14.266
1	2021-12-01 21:51:00	1737.2	1666.1	1834.8	14.243
1	2021-12-01 21:52:00	1808.3	1738.9	1902.1	14.17
1	2021-12-01 21:53:00	1806.9	1627	1939.1	14.262
1	2021-12-01 21:54:00	1668.3	1473.8	1798	14.274
1	2021-12-01 21:55:00	1636.1	1397.6	1783.8	14.322
1	2021-12-01 21:56:00	1663.1	1436.9	1796.4	14.222
1	2021-12-01 21:57:00	1763.8	1597.2	1832.2	14.254
1	2021-12-01 21:58:00	1799.7	1759	1832.2	14.262
1	2021-12-01 21:59:00	1789	1741.9	1821.8	14.301
1	2021-12-01 22:00:00	1789.1	1730.2	1856.6	14.228
1	2021-12-01 22:01:00	1780.6	1603.1	1835.8	14.222
1	2021-12-01 22:02:00	1780.6	1560	1869.5	14.185
1	2021-12-01 22:03:00	1789.4	1599.3	1858.4	14.255
1	2021-12-01 22:04:00	1777.6	1375.5	1890.2	14.273
1	2021-12-01 22:05:00	1826.5	1758.1	1868.4	14.285
1	2021-12-01 22:06:00	1857.5	1768.9	1924	14.264
1	2021-12-01 22:07:00	1754.4	1488	1916.2	14.26
1	2021-12-01 22:08:00	1832.3	1557.3	1980.2	14.238
1	2021-12-01 22:09:00	1772	1543.7	1963.7	14.259
1	2021-12-01 22:10:00	1627	1405.4	1874.5	14.308
1	2021-12-01 22:11:00	1655.7	986.29	2034.4	14.273
1	2021-12-01 22:12:00	1918.6	1500.6	2148	14.304
1	2021-12-01 22:13:00	1964	1756.8	2146.4	14.32
1	2021-12-01 22:14:00	1810.7	1401.7	2126.5	14.284
1	2021-12-01 22:15:00	1379.7	1044.2	1735.3	14.285
1	2021-12-01 22:16:00	1605.4	1053.7	2135.8	14.286
1	2021-12-01 22:17:00	1791.1	1170.8	2198.1	14.237
1	2021-12-01 22:18:00	1420	952.1	1966.9	14.328
1	2021-12-01 22:19:00	1267.3	823.5	1986.2	14.229
1	2021-12-01 22:20:00	779.78	595.73	1574.6	14.216
1	2021-12-01 22:21:00	786.46	697.4	1072.7	14.245
1	2021-12-01 22:22:00	918.81	687.63	1434.6	14.217
1	2021-12-01 22:23:00	611.1	563.92	686.49	14.163
1	2021-12-01 22:24:00	736.03	573.35	1427.4	14.229
1	2021-12-01 22:25:00	816.57	666.39	1192.1	14.259
1	2021-12-01 22:26:00	1813.3	1187	2285.6	14.279
1	2021-12-01 22:27:00	1997.9	1741.7	2229.5	14.223
1	2021-12-01 22:28:00	1565	980.38	2121.6	14.259
1	2021-12-01 22:29:00	1336.3	1104.5	1787.9	14.256
1	2021-12-01 22:30:00	1705.1	1590.2	1964.7	14.179
1	2021-12-01 22:31:00	1851.7	1591.8	2020.4	14.253
1	2021-12-01 22:32:00	1747.7	1338.8	2044	14.197
1	2021-12-01 22:33:00	1596.8	1267.1	1985.4	14.255
1	2021-12-01 22:34:00	1390.6	805.1	1939.5	14.269
1	2021-12-01 22:35:00	1375	743.75	1823.3	14.265
1	2021-12-01 22:36:00	718.29	583.34	1738.9	14.353
1	2021-12-01 22:37:00	1800.9	1380.1	2045.5	14.316
1	2021-12-01 22:38:00	1492.5	1006.3	2067.9	14.209
1	2021-12-01 22:39:00	1456.9	973.34	1844.4	14.246
1	2021-12-01 22:40:00	1462.6	1247.2	1712.4	14.311
1	2021-12-01 22:41:00	1842	1407.1	1975.6	14.32
1	2021-12-01 22:42:00	1825.7	1659.4	1973.3	14.308
1	2021-12-01 22:43:00	1868.1	1788.5	1956.6	14.296
1	2021-12-01 22:44:00	1793.7	1642.9	1856.9	14.275
1	2021-12-01 22:45:00	1471.9	847.58	1882.5	14.319
1	2021-12-01 22:46:00	1691.3	1246.6	1840.3	14.272
1	2021-12-01 22:47:00	1675.6	1334.7	1756.8	14.24
1	2021-12-01 22:48:00	1736.3	1686.2	1772.4	14.309
1	2021-12-01 22:49:00	1735.2	1108.8	1881.9	14.264
1	2021-12-01 22:50:00	1778.1	1229.4	2007.8	14.259
1	2021-12-01 22:51:00	1327.5	696.61	1900.9	14.263
1	2021-12-01 22:52:00	956.42	644.46	1698.5	14.316
1	2021-12-01 22:53:00	1108.4	606.41	1795.2	14.255
1	2021-12-01 22:54:00	916.53	586.75	1897.5	14.292
1	2021-12-01 22:55:00	1882.9	1250.3	2082.2	14.286
1	2021-12-01 22:56:00	1279.4	630.49	2049.9	14.259
1	2021-12-01 22:57:00	1722.1	1106.3	1887.6	14.185
1	2021-12-01 22:58:00	1518.8	1150.2	1863.4	14.184
1	2021-12-01 22:59:00	1618.8	1021.8	1972	14.205
1	2021-12-01 23:00:00	1760.1	920.29	1853.2	14.321
1	2021-12-01 23:01:00	1859.5	1325.2	1978.9	14.256
1	2021-12-01 23:02:00	1685.3	1163.8	1987.8	14.281
1	2021-12-01 23:03:00	1670.4	1080.4	1815.1	14.295
1	2021-12-01 23:04:00	1495.1	813.96	1870.1	14.222
1	2021-12-01 23:05:00	1481.3	969.48	1965.4	14.28
1	2021-12-01 23:06:00	1422.9	807.59	1962.4	14.223
1	2021-12-01 23:07:00	1821.3	1422	2021.7	14.207
1	2021-12-01 23:08:00	1777.2	1114.5	1962	14.209
1	2021-12-01 23:09:00	1831.7	1394.6	2003.4	14.229
1	2021-12-01 23:10:00	1786.1	1514.5	1899.9	14.276
1	2021-12-01 23:11:00	1699.4	1547.5	1757.5	14.205
1	2021-12-01 23:12:00	1608.9	1250.2	1828.2	14.241
1	2021-12-01 23:13:00	1556.8	817.36	1953.9	14.25
1	2021-12-01 23:14:00	1333.3	662.75	2057.3	14.232
1	2021-12-01 23:15:00	632.17	582.89	827.36	14.256
1	2021-12-01 23:16:00	775.93	704.67	907	14.258
1	2021-12-01 23:17:00	933.8	783.62	1315.2	14.184
1	2021-12-01 23:18:00	921.32	766.02	1439.8	14.192
1	2021-12-01 23:19:00	980.65	796.57	1816.6	14.238
1	2021-12-01 23:20:00	862.6	736.82	1444	14.225
1	2021-12-01 23:21:00	1325.1	792.14	2076.6	14.192
1	2021-12-01 23:22:00	1875.3	1454.9	2043.1	14.195
1	2021-12-01 23:23:00	1241.2	521.32	1794.6	14.202
1	2021-12-01 23:24:00	1603.5	1541.7	1677.6	14.206
1	2021-12-01 23:25:00	1586.8	748.07	1797.7	14.176
1	2021-12-01 23:26:00	1670.1	1585.2	1734.6	14.267
1	2021-12-01 23:27:00	1585.5	1429.7	1691	14.269
1	2021-12-01 23:28:00	1671.9	1327.3	1853	14.271
1	2021-12-01 23:29:00	1386.2	738.64	2040.3	14.218
1	2021-12-01 23:30:00	1026	708.65	1883.7	14.302
1	2021-12-01 23:31:00	932.76	704.44	1625.8	14.29
1	2021-12-01 23:32:00	1224.8	984.36	1725.8	14.218
1	2021-12-01 23:33:00	1316.3	997.54	1662.6	14.207
1	2021-12-01 23:34:00	1363.9	940.96	1757.8	14.203
1	2021-12-01 23:35:00	1233.3	931.42	1827.9	14.225
1	2021-12-01 23:36:00	1258.1	951.3	1668.6	14.199
1	2021-12-01 23:37:00	1546.2	1125.9	2070	14.213
1	2021-12-01 23:38:00	1525.6	1342.4	1695.6	14.231
1	2021-12-01 23:39:00	1523.1	1269.4	1644.6	14.179
1	2021-12-01 23:40:00	1189.8	900.41	1399.9	14.155
1	2021-12-01 23:41:00	809.51	707.17	951.19	14.15
1	2021-12-01 23:42:00	724.69	688.54	779.31	14.165
1	2021-12-01 23:43:00	819.65	752.61	967.43	14.17
1	2021-12-01 23:44:00	1005.7	947.55	1171.9	14.145
1	2021-12-01 23:45:00	990.06	831.79	1200.9	14.13
1	2021-12-01 23:46:00	767.66	721.37	834.06	14.16
1	2021-12-01 23:47:00	679.41	623.67	731.71	14.18
1	2021-12-01 23:48:00	527.43	440.89	620.04	14.136
1	2021-12-01 23:49:00	419.55	408.63	442.93	14.167
1	2021-12-01 23:50:00	474.36	422.6	537	14.128
1	2021-12-01 23:51:00	619.67	540.29	709.22	14.219
1	2021-12-01 23:52:00	1077.6	713.53	1419.2	14.186
1	2021-12-01 23:53:00	1170.1	1014.1	1692.1	14.123
1	2021-12-01 23:54:00	1263.1	1070.4	1570.2	14.162
1	2021-12-01 23:55:00	1172.1	1023.1	1284	14.209
1	2021-12-01 23:56:00	1205.8	1080.1	1346.1	14.143
1	2021-12-01 23:57:00	1017.2	887.57	1283.2	14.108
1	2021-12-01 23:58:00	945.15	857.35	1237.1	14.155
1	2021-12-01 23:59:00	970.54	872.8	1290.2	14.248
1	2021-12-02 00:00:00	1247	934.83	1614.1	14.218
1	2021-12-02 00:01:00	1329.5	913.24	1584.9	14.194
1	2021-12-02 00:02:00	1341	1047.2	1597.8	14.259
1	2021-12-02 00:03:00	1323.4	1000.6	1523.4	14.283
1	2021-12-02 00:04:00	1301.5	1101.9	1597.8	14.273
1	2021-12-02 00:05:00	1322.9	1161.9	1544	14.228
1	2021-12-02 00:06:00	1242.1	1139.3	1404.2	14.219
1	2021-12-02 00:07:00	1040.1	935.51	1193.4	14.227
1	2021-12-02 00:08:00	1023.8	960.62	1115.1	14.266
1	2021-12-02 00:09:00	1036.8	912.79	1129.1	14.235
1	2021-12-02 00:10:00	886.2	837.93	938.35	14.151
1	2021-12-02 00:11:00	941.44	817.82	1282	14.138
1	2021-12-02 00:12:00	1321.1	1116.8	1559.6	14.113
1	2021-12-02 00:13:00	1060.6	920.63	1233.5	14.175
1	2021-12-02 00:14:00	1111.9	957.21	1389.1	14.17
1	2021-12-02 00:15:00	1084.2	862.12	1277.3	14.191
1	2021-12-02 00:16:00	1037.4	890.07	1361.1	14.171
1	2021-12-02 00:17:00	953.59	772.61	1250.6	14.179
1	2021-12-02 00:18:00	939.74	835.43	1091.4	14.238
1	2021-12-02 00:19:00	1144.9	979.59	1407.8	14.155
1	2021-12-02 00:20:00	1004.3	910.29	1215.4	14.16
1	2021-12-02 00:21:00	1178.1	1066.8	1323.7	14.227
1	2021-12-02 00:22:00	924.25	808.73	1102.5	14.225
1	2021-12-02 00:23:00	739.6	672.98	829.52	14.175
1	2021-12-02 00:24:00	673.81	651.62	705.47	14.186
1	2021-12-02 00:25:00	659.45	636.28	681.16	14.244
1	2021-12-02 00:26:00	753.06	653.89	852.81	14.253
1	2021-12-02 00:27:00	810.03	756.36	863.83	14.268
1	2021-12-02 00:28:00	890.89	827.47	976.97	14.271
1	2021-12-02 00:29:00	996.19	893.82	1139.2	14.243
1	2021-12-02 00:30:00	1178.7	1069.6	1278.6	14.266
1	2021-12-02 00:31:00	1019.2	904.16	1139.2	14.232
1	2021-12-02 00:32:00	862.58	809.87	931.19	14.196
1	2021-12-02 00:33:00	763.17	715.58	821.91	14.212
1	2021-12-02 00:34:00	718.7	704.1	736.93	14.209
1	2021-12-02 00:35:00	696.21	657.19	722.51	14.244
1	2021-12-02 00:36:00	677.15	653.78	706.72	14.253
1	2021-12-02 00:37:00	674.64	662.53	692.4	14.222
1	2021-12-02 00:38:00	673.66	652.76	690.93	14.252
1	2021-12-02 00:39:00	673.58	647.98	696.72	14.235
1	2021-12-02 00:40:00	659.13	644.01	679.57	14.246
1	2021-12-02 00:41:00	670.46	655.03	685.36	14.237
1	2021-12-02 00:42:00	680.4	659.12	699.1	14.259
1	2021-12-02 00:43:00	681.76	662.98	698.2	14.302
1	2021-12-02 00:44:00	663.96	637.87	684.79	14.255
1	2021-12-02 00:45:00	639.97	627.65	659.23	14.249
1	2021-12-02 00:46:00	627.61	613.79	647.08	14.323
1	2021-12-02 00:47:00	671.78	634.12	704.44	14.33
1	2021-12-02 00:48:00	639.61	619.81	669.57	14.305
1	2021-12-02 00:49:00	636.39	614.7	655.48	14.303
1	2021-12-02 00:50:00	648.09	635.72	659.8	14.326
1	2021-12-02 00:51:00	661.75	639.35	686.15	14.294
1	2021-12-02 00:52:00	637.53	577.78	685.93	14.228
1	2021-12-02 00:53:00	736.7	654.69	870.53	14.227
1	2021-12-02 00:54:00	634.93	570.39	806.91	14.277
1	2021-12-02 00:55:00	564.72	540.74	587.32	14.171
1	2021-12-02 00:56:00	544.55	530.18	557.9	14.202
1	2021-12-02 00:57:00	519.76	501.55	542.22	14.223
1	2021-12-02 00:58:00	519.25	500.64	552.67	14.244
1	2021-12-02 00:59:00	525.99	501.21	587.21	14.198
1	2021-12-02 01:00:00	494.74	480.54	507.46	14.243
1	2021-12-02 01:01:00	484.5	470.31	497.69	14.222
1	2021-12-02 01:02:00	494.2	480.54	518.02	14.249
1	2021-12-02 01:03:00	478.95	459.18	499.39	14.194
1	2021-12-02 01:04:00	459	448.5	469.52	14.233
1	2021-12-02 01:05:00	447.44	440.43	456.68	14.273
1	2021-12-02 01:06:00	440.97	432.03	449.41	14.262
1	2021-12-02 01:07:00	435.88	427.37	443.27	14.256
1	2021-12-02 01:08:00	411.57	390.45	429.19	14.232
1	2021-12-02 01:09:00	350.91	313.65	387.15	14.177
1	2021-12-02 01:10:00	281.61	256.29	312.75	14.227
1	2021-12-02 01:11:00	239.88	227.14	258.67	14.173
1	2021-12-02 01:12:00	224.39	221.51	228.09	14.151
1	2021-12-02 01:13:00	222.21	220.63	223.55	14.215
1	2021-12-02 01:14:00	227.14	222.51	234.3	14.137
1	2021-12-02 01:15:00	245.44	234.43	260.34	14.166
1	2021-12-02 01:16:00	285.2	262.42	311.4	14.228
1	2021-12-02 01:17:00	338.2	311.97	364.89	14.225
1	2021-12-02 01:18:00	387.77	363.98	412.94	14.215
1	2021-12-02 01:19:00	431.82	412.37	454.07	14.213
1	2021-12-02 01:20:00	491.83	449.18	523.93	14.139
1	2021-12-02 01:21:00	529.71	509.28	552.56	14.191
1	2021-12-02 01:22:00	504.37	483.26	520.18	14.171
1	2021-12-02 01:23:00	471.26	442.25	507.12	14.212
1	2021-12-02 01:24:00	417.3	387.61	449.41	14.169
1	2021-12-02 01:25:00	370.59	348.19	399.76	14.195
1	2021-12-02 01:26:00	333.39	320.13	346.03	14.226
1	2021-12-02 01:27:00	320.75	311.38	328.76	14.201
1	2021-12-02 01:28:00	320.4	311.84	326.83	14.181
1	2021-12-02 01:29:00	326.93	318.88	333.65	14.194
1	2021-12-02 01:30:00	335.2	328.54	341.37	14.229
1	2021-12-02 01:31:00	338.57	332.63	346.14	14.28
1	2021-12-02 01:32:00	337.47	332.4	342.51	14.279
1	2021-12-02 01:33:00	329.67	323.76	337.28	14.264
1	2021-12-02 01:34:00	317.14	310.47	324.56	14.141
1	2021-12-02 01:35:00	307.19	300.82	314.9	14.173
1	2021-12-02 01:36:00	297.15	289.46	303.32	14.224
1	2021-12-02 01:37:00	286.87	281.05	295.14	14.197
1	2021-12-02 01:38:00	279.96	276.73	284.8	14.201
1	2021-12-02 01:39:00	278.73	275.6	281.62	14.228
1	2021-12-02 01:40:00	281.14	277.98	284.91	14.242
1	2021-12-02 01:41:00	284.62	281.62	290.03	14.244
1	2021-12-02 01:42:00	288.69	284.69	293.89	14.244
1	2021-12-02 01:43:00	298.73	288.09	312.18	14.203
1	2021-12-02 01:44:00	308.56	300.59	315.47	14.224
1	2021-12-02 01:45:00	320.71	312.06	329.22	14.239
1	2021-12-02 01:46:00	328.68	322.74	334.33	14.197
1	2021-12-02 01:47:00	321	310.59	332.06	14.188
1	2021-12-02 01:48:00	304.22	294.91	313.31	14.238
1	2021-12-02 01:49:00	289.5	283.32	296.73	14.254
1	2021-12-02 01:50:00	281.9	276.39	286.5	14.215
1	2021-12-02 01:51:00	274.05	268.21	279.35	14.223
1	2021-12-02 01:52:00	269.57	266.62	272.98	14.262
1	2021-12-02 01:53:00	272.78	266.96	278.55	14.209
1	2021-12-02 01:54:00	277.03	271.51	289	14.183
1	2021-12-02 01:55:00	265.7	258.44	277.53	14.239
1	2021-12-02 01:56:00	255.94	248.11	261.28	14.264
1	2021-12-02 01:57:00	248.38	243.33	257.88	14.222
1	2021-12-02 01:58:00	245.99	241.52	252.76	14.228
1	2021-12-02 01:59:00	248.66	240.84	254.35	14.275
1	2021-12-02 02:00:00	254.94	249.36	260.6	14.211
1	2021-12-02 02:01:00	264.56	254.35	279.69	14.275
1	2021-12-02 02:02:00	322.28	275.03	386.25	14.256
1	2021-12-02 02:03:00	367.58	339.44	401.7	14.257
1	2021-12-02 02:04:00	320.66	286.84	347.17	14.205
1	2021-12-02 02:05:00	260.27	246.52	286.05	14.227
1	2021-12-02 02:06:00	238.7	230.15	252.31	14.269
1	2021-12-02 02:07:00	235.4	227.88	242.63	14.207
1	2021-12-02 02:08:00	287.15	238.77	328.18	14.186
1	2021-12-02 02:09:00	282.16	261.26	313.8	14.248
1	2021-12-02 02:10:00	254.69	244.46	274.67	14.229
1	2021-12-02 02:11:00	318.23	269.58	381.13	14.236
1	2021-12-02 02:12:00	239.57	226.02	269.24	14.207
1	2021-12-02 02:13:00	237.05	225.67	246	14.274
1	2021-12-02 02:14:00	235.01	227.48	241.62	14.284
1	2021-12-02 02:15:00	223.04	212.75	232.95	14.275
1	2021-12-02 02:16:00	211.15	200.19	224.27	14.316
1	2021-12-02 02:17:00	195.27	186.92	204.14	14.26
1	2021-12-02 02:18:00	184.76	178.91	190.86	14.216
1	2021-12-02 02:19:00	176.83	171.63	184.34	14.217
1	2021-12-02 02:20:00	168.87	162.59	173.46	14.256
1	2021-12-02 02:21:00	160.2	155.01	165.49	14.217
1	2021-12-02 02:22:00	152.3	145.31	156.9	14.222
1	2021-12-02 02:23:00	145.15	140.17	149.49	14.214
1	2021-12-02 02:24:00	140.64	135.14	143.75	14.271
1	2021-12-02 02:25:00	136.31	130.54	140.57	14.24
1	2021-12-02 02:26:00	147.75	134.99	164.89	14.26
1	2021-12-02 02:27:00	164.77	157.05	171.66	14.269
1	2021-12-02 02:28:00	152.84	139.59	164.29	14.235
1	2021-12-02 02:29:00	141.62	129.29	151.79	14.226
1	2021-12-02 02:30:00	120.62	99.311	139.54	14.195
1	2021-12-02 02:31:00	98.731	96.073	104.5	14.231
1	2021-12-02 02:32:00	94.459	91.188	97.3	14.214
1	2021-12-02 02:33:00	91.437	88.825	94.642	14.176
1	2021-12-02 02:34:00	87.408	84.372	90.927	14.215
1	2021-12-02 02:35:00	82.162	79.271	85.644	14.183
1	2021-12-02 02:36:00	78.184	76.045	79.794	14.197
1	2021-12-02 02:37:00	75.143	73.568	77.158	14.269
1	2021-12-02 02:38:00	72.114	70.41	73.682	14.238
1	2021-12-02 02:39:00	69.182	67.729	71.342	14.233
1	2021-12-02 02:40:00	66.069	64.299	68.32	14.225
1	2021-12-02 02:41:00	63.114	61.447	64.969	14.228
1	2021-12-02 02:42:00	60.059	58.391	62.106	14.232
1	2021-12-02 02:43:00	57.06	55.301	58.902	14.21
1	2021-12-02 02:44:00	53.966	52.461	55.71	14.249
1	2021-12-02 02:45:00	51.241	49.462	52.643	14.222
1	2021-12-02 02:46:00	49.308	48.531	50.348	14.202
1	2021-12-02 02:47:00	48.172	47.27	49.053	14.224
1	2021-12-02 02:48:00	47.081	46.031	47.815	14.211
1	2021-12-02 02:49:00	45.403	43.828	46.622	14.202
1	2021-12-02 02:50:00	42.914	41.385	44.645	14.2
1	2021-12-02 02:51:00	40.022	38.182	41.646	14.265
1	2021-12-02 02:52:00	37.077	35.478	38.863	14.186
1	2021-12-02 02:53:00	34.331	33.081	35.83	14.16
1	2021-12-02 02:54:00	31.857	30.616	32.99	14.254
1	2021-12-02 02:55:00	29.474	28.264	30.695	14.293
1	2021-12-02 02:56:00	27.025	25.742	28.321	14.238
1	2021-12-02 02:57:00	24.54	23.459	25.788	14.273
1	2021-12-02 02:58:00	22.16	20.981	23.516	14.279
1	2021-12-02 02:59:00	19.904	18.944	20.973	14.252
1	2021-12-02 03:00:00	17.926	17.041	18.835	14.246
1	2021-12-02 03:01:00	16.17	15.356	16.986	14.259
1	2021-12-02 03:02:00	14.596	13.855	15.421	14.259
1	2021-12-02 03:03:00	13.253	12.546	13.945	14.188
1	2021-12-02 03:04:00	12.082	11.36	12.778	14.234
1	2021-12-02 03:05:00	11.001	10.447	11.641	14.22
1	2021-12-02 03:06:00	10.022	9.538	10.577	14.195
1	2021-12-02 03:07:00	9.1266	8.6996	9.5823	14.227
1	2021-12-02 03:08:00	8.2362	7.7385	8.7394	14.243
1	2021-12-02 03:09:00	7.2385	6.7582	7.7567	14.171
1	2021-12-02 03:10:00	6.2629	5.7482	6.7513	14.131
1	2021-12-02 03:11:00	5.3566	4.9008	5.8107	14.255
1	2021-12-02 03:12:00	4.5383	4.0965	5.011	14.232
1	2021-12-02 03:13:00	3.7971	3.4251	4.2055	14.192
1	2021-12-02 03:14:00	3.1316	2.8173	3.4898	14.205
1	2021-12-02 03:15:00	2.5384	2.272	2.8389	14.217
1	2021-12-02 03:16:00	2.0399	1.804	2.2788	14.197
1	2021-12-02 03:17:00	1.6252	1.4234	1.8415	14.213
1	2021-12-02 03:18:00	1.2919	1.1224	1.453	14.264
1	2021-12-02 03:19:00	1.016	0.88382	1.1656	14.241
1	2021-12-02 03:20:00	0.80199	0.71228	0.90541	14.222
1	2021-12-02 03:21:00	0.6395	0.56233	0.71683	14.252
1	2021-12-02 03:22:00	0.51867	0.4669	0.58164	14.22
1	2021-12-02 03:23:00	0.42517	0.38284	0.4669	14.168
1	2021-12-02 03:24:00	0.35008	0.31581	0.3942	14.214
1	2021-12-02 03:25:00	0.28868	0.25674	0.32036	14.209
1	2021-12-02 03:26:00	0.24087	0.21812	0.27037	14.232
1	2021-12-02 03:27:00	0.20433	0.18858	0.2238	14.203
1	2021-12-02 03:28:00	0.17578	0.16472	0.18858	14.233
1	2021-12-02 03:29:00	0.15365	0.14427	0.16472	14.225
1	2021-12-02 03:30:00	0.13695	0.12951	0.14541	14.217
1	2021-12-02 03:31:00	0.12464	0.11928	0.13064	14.214
1	2021-12-02 03:32:00	0.11523	0.11019	0.11928	14.253
1	2021-12-02 03:33:00	0.10868	0.10565	0.11247	14.215
1	2021-12-02 03:34:00	0.10372	0.10111	0.10679	14.206
1	2021-12-02 03:35:00	0.099136	0.096561	0.10224	14.251
1	2021-12-02 03:36:00	0.095728	0.093153	0.097697	14.29
1	2021-12-02 03:37:00	0.093134	0.092017	0.094289	14.318
1	2021-12-02 03:38:00	0.092017	0.090881	0.093153	14.298
1	2021-12-02 03:39:00	0.090862	0.088609	0.093153	14.279
1	2021-12-02 03:40:00	0.08967	0.088609	0.090881	14.262
1	2021-12-02 03:41:00	0.088685	0.087473	0.090881	14.249
1	2021-12-02 03:42:00	0.088136	0.087473	0.089745	14.19
1	2021-12-02 03:43:00	0.087966	0.087473	0.088609	14.215
1	2021-12-02 03:44:00	0.087379	0.086337	0.088609	14.254
1	2021-12-02 03:45:00	0.087114	0.086337	0.088609	14.243
1	2021-12-02 03:46:00	0.086697	0.085201	0.088609	14.245
1	2021-12-02 03:47:00	0.085996	0.085201	0.087473	14.191
1	2021-12-02 03:48:00	0.085978	0.085201	0.086337	14.17
1	2021-12-02 03:49:00	0.085788	0.084065	0.087473	14.191
1	2021-12-02 03:50:00	0.085391	0.084065	0.086337	14.224
1	2021-12-02 03:51:00	0.085637	0.084065	0.086337	14.264
1	2021-12-02 03:52:00	0.085769	0.085201	0.086337	14.217
1	2021-12-02 03:53:00	0.085807	0.085201	0.086337	14.192
1	2021-12-02 03:54:00	0.085637	0.084065	0.086337	14.256
1	2021-12-02 03:55:00	0.086053	0.084065	0.087473	14.212
1	2021-12-02 03:56:00	0.085769	0.085201	0.086337	14.219
1	2021-12-02 03:57:00	0.085353	0.084065	0.086337	14.264
1	2021-12-02 03:58:00	0.085239	0.084065	0.086337	14.256
1	2021-12-02 03:59:00	0.085201	0.084065	0.086337	14.198
1	2021-12-02 04:00:00	0.08541	0.084065	0.086337	14.269
1	2021-12-02 04:01:00	0.085296	0.084065	0.086337	14.248
1	2021-12-02 04:02:00	0.085372	0.084065	0.087473	14.211
1	2021-12-02 04:03:00	0.085845	0.084065	0.086337	14.243
1	2021-12-02 04:04:00	0.085561	0.084065	0.087473	14.261
1	2021-12-02 04:05:00	0.085769	0.085201	0.086337	14.183
1	2021-12-02 04:06:00	0.085996	0.085201	0.086337	14.162
1	2021-12-02 04:07:00	0.08628	0.085201	0.087473	14.207
1	2021-12-02 04:08:00	0.08611	0.084065	0.087473	14.24
1	2021-12-02 04:09:00	0.086129	0.085201	0.088609	14.183
1	2021-12-02 04:10:00	0.012193	-0.01136	0.087473	14.176
1	2021-12-02 04:11:00	-0.010849	-0.01136	-0.010224	14.254
1	2021-12-02 04:12:00	-0.010792	-0.01136	-0.010224	14.145
1	2021-12-02 04:13:00	-0.010584	-0.01136	-0.010224	14.195
1	2021-12-02 04:14:00	-0.010603	-0.01136	-0.010224	14.271
1	2021-12-02 04:15:00	-0.010622	-0.01136	-0.010224	14.288
1	2021-12-02 04:16:00	-0.010489	-0.01136	-0.010224	14.276
1	2021-12-02 04:17:00	-0.010641	-0.01136	-0.010224	14.217
1	2021-12-02 04:18:00	-0.010508	-0.012496	-0.010224	14.284
1	2021-12-02 04:19:00	-0.010527	-0.01136	-0.010224	14.236
1	2021-12-02 04:20:00	-0.010413	-0.01136	-0.010224	14.204
1	2021-12-02 04:21:00	-0.0103	-0.01136	-0.0090881	14.187
1	2021-12-02 04:22:00	-0.010338	-0.01136	-0.010224	14.248
1	2021-12-02 04:23:00	-0.01047	-0.01136	-0.010224	14.189
1	2021-12-02 04:24:00	-0.01047	-0.012496	-0.010224	14.187
1	2021-12-02 04:25:00	-0.010451	-0.01136	-0.0090881	14.259
1	2021-12-02 04:26:00	-0.010432	-0.01136	-0.0090881	14.185
1	2021-12-02 04:27:00	-0.010489	-0.01136	-0.0090881	14.191
1	2021-12-02 04:28:00	-0.010451	-0.01136	-0.0090881	14.246
1	2021-12-02 04:29:00	-0.010357	-0.01136	-0.010224	14.233
1	2021-12-02 04:30:00	-0.010376	-0.01136	-0.0090881	14.248
1	2021-12-02 04:31:00	-0.010451	-0.01136	-0.010224	14.275
1	2021-12-02 04:32:00	-0.010451	-0.01136	-0.010224	14.326
1	2021-12-02 04:33:00	-0.010508	-0.01136	-0.010224	14.275
1	2021-12-02 04:34:00	-0.010546	-0.01136	-0.0090881	14.263
1	2021-12-02 04:35:00	-0.010697	-0.01136	-0.010224	14.209
1	2021-12-02 04:36:00	-0.010413	-0.01136	-0.010224	14.232
1	2021-12-02 04:37:00	-0.010527	-0.01136	-0.010224	14.213
1	2021-12-02 04:38:00	-0.010697	-0.01136	-0.010224	14.242
1	2021-12-02 04:39:00	-0.010584	-0.01136	-0.010224	14.263
1	2021-12-02 04:40:00	-0.010413	-0.01136	-0.010224	14.198
1	2021-12-02 04:41:00	-0.010376	-0.01136	-0.0090881	14.206
1	2021-12-02 04:42:00	-0.010451	-0.01136	-0.010224	14.224
1	2021-12-02 04:43:00	-0.010432	-0.01136	-0.0090881	14.251
1	2021-12-02 04:44:00	-0.010262	-0.01136	-0.0090881	14.19
1	2021-12-02 04:45:00	-0.010205	-0.010224	-0.0090881	14.226
1	2021-12-02 04:46:00	-0.010243	-0.01136	-0.0090881	14.214
1	2021-12-02 04:47:00	-0.01047	-0.01136	-0.0090881	14.248
1	2021-12-02 04:48:00	-0.010432	-0.01136	-0.010224	14.212
1	2021-12-02 04:49:00	-0.010679	-0.01136	-0.010224	14.205
1	2021-12-02 04:50:00	-0.01066	-0.01136	-0.010224	14.212
1	2021-12-02 04:51:00	-0.010546	-0.01136	-0.010224	14.223
1	2021-12-02 04:52:00	-0.010622	-0.01136	-0.010224	14.212
1	2021-12-02 04:53:00	-0.010508	-0.01136	-0.0090881	14.225
1	2021-12-02 04:54:00	-0.01066	-0.01136	-0.010224	14.226
1	2021-12-02 04:55:00	-0.010754	-0.012496	-0.010224	14.202
1	2021-12-02 04:56:00	-0.010735	-0.01136	-0.010224	14.254
1	2021-12-02 04:57:00	-0.010527	-0.01136	-0.0090881	14.307
1	2021-12-02 04:58:00	-0.010735	-0.01136	-0.0090881	14.258
1	2021-12-02 04:59:00	-0.010451	-0.01136	-0.010224	14.212
1	2021-12-02 05:00:00	-0.010641	-0.01136	-0.010224	14.239
1	2021-12-02 05:01:00	-0.010603	-0.01136	-0.010224	14.216
1	2021-12-02 05:02:00	-0.010679	-0.01136	-0.0090881	14.229
1	2021-12-02 05:03:00	-0.010641	-0.012496	-0.010224	14.15
1	2021-12-02 05:04:00	-0.010716	-0.01136	-0.010224	14.259
1	2021-12-02 05:05:00	-0.010622	-0.01136	-0.010224	14.279
1	2021-12-02 05:06:00	-0.010622	-0.01136	-0.010224	14.222
1	2021-12-02 05:07:00	-0.010527	-0.01136	-0.010224	14.234
1	2021-12-02 05:08:00	-0.010697	-0.01136	-0.010224	14.276
1	2021-12-02 05:09:00	-0.010849	-0.01136	-0.010224	14.278
1	2021-12-02 05:10:00	-0.010735	-0.012496	-0.0090881	14.197
1	2021-12-02 05:11:00	-0.010432	-0.01136	-0.010224	14.249
1	2021-12-02 05:12:00	-0.010641	-0.01136	-0.010224	14.228
1	2021-12-02 05:13:00	-0.010584	-0.01136	-0.010224	14.211
1	2021-12-02 05:14:00	-0.010565	-0.01136	-0.0090881	14.151
1	2021-12-02 05:15:00	-0.010508	-0.01136	-0.010224	14.215
1	2021-12-02 05:16:00	-0.010376	-0.01136	-0.010224	14.212
1	2021-12-02 05:17:00	-0.010413	-0.01136	-0.0090881	14.208
1	2021-12-02 05:18:00	-0.010489	-0.01136	-0.010224	14.227
1	2021-12-02 05:19:00	-0.010357	-0.01136	-0.0090881	14.205
1	2021-12-02 05:20:00	-0.010432	-0.01136	-0.0090881	14.181
1	2021-12-02 05:21:00	-0.010584	-0.01136	-0.010224	14.193
1	2021-12-02 05:22:00	-0.010376	-0.01136	-0.010224	14.25
1	2021-12-02 05:23:00	-0.010527	-0.01136	-0.010224	14.235
1	2021-12-02 05:24:00	-0.010546	-0.01136	-0.010224	14.196
1	2021-12-02 05:25:00	-0.010527	-0.01136	-0.010224	14.206
1	2021-12-02 05:26:00	-0.010603	-0.01136	-0.010224	14.202
1	2021-12-02 05:27:00	-0.010413	-0.01136	-0.010224	14.23
1	2021-12-02 05:28:00	-0.010527	-0.012496	-0.010224	14.228
1	2021-12-02 05:29:00	-0.010451	-0.01136	-0.010224	14.26
1	2021-12-02 05:30:00	-0.010622	-0.01136	-0.010224	14.236
1	2021-12-02 05:31:00	-0.010489	-0.01136	-0.010224	14.189
1	2021-12-02 05:32:00	-0.010546	-0.01136	-0.010224	14.214
1	2021-12-02 05:33:00	-0.010679	-0.01136	-0.010224	14.247
1	2021-12-02 05:34:00	-0.010716	-0.01136	-0.010224	14.243
1	2021-12-02 05:35:00	-0.0090124	-0.01136	0.096561	14.17
1	2021-12-02 05:36:00	0.091828	0.087473	0.095425	14.232
1	2021-12-02 05:37:00	0.086773	0.086337	0.088609	14.22
1	2021-12-02 05:38:00	0.081074	-0.010224	0.087473	14.199
1	2021-12-02 05:39:00	0.086886	0.085201	0.087473	14.201
1	2021-12-02 05:40:00	0.08664	0.085201	0.087473	14.207
1	2021-12-02 05:41:00	0.086792	0.085201	0.087473	14.139
1	2021-12-02 05:42:00	0.086489	0.085201	0.087473	14.217
1	2021-12-02 05:43:00	0.086337	0.085201	0.087473	14.207
1	2021-12-02 05:44:00	0.086527	0.085201	0.087473	14.242
1	2021-12-02 05:45:00	0.087284	0.086337	0.088609	14.18
1	2021-12-02 05:46:00	0.08736	0.086337	0.088609	14.19
1	2021-12-02 05:47:00	0.087341	0.086337	0.088609	14.29
1	2021-12-02 05:48:00	0.087208	0.086337	0.088609	14.25
1	2021-12-02 05:49:00	0.087606	0.087473	0.088609	14.214
1	2021-12-02 05:50:00	0.087133	0.086337	0.088609	14.292
1	2021-12-02 05:51:00	0.08717	0.086337	0.088609	14.295
1	2021-12-02 05:52:00	0.087398	0.086337	0.088609	14.278
1	2021-12-02 05:53:00	0.087265	0.086337	0.088609	14.258
1	2021-12-02 05:54:00	0.087795	0.086337	0.088609	14.179
1	2021-12-02 05:55:00	0.088022	0.087473	0.088609	14.224
1	2021-12-02 05:56:00	0.08806	0.087473	0.089745	14.167
1	2021-12-02 05:57:00	0.087852	0.086337	0.088609	14.204
1	2021-12-02 05:58:00	0.087549	0.086337	0.088609	14.25
1	2021-12-02 05:59:00	0.087928	0.086337	0.088609	14.188
1	2021-12-02 06:00:00	0.088003	0.087473	0.088609	14.155
1	2021-12-02 06:01:00	0.08789	0.086337	0.088609	14.247
1	2021-12-02 06:02:00	0.087587	0.086337	0.088609	14.229
1	2021-12-02 06:03:00	0.087814	0.086337	0.088609	14.213
1	2021-12-02 06:04:00	0.088155	0.087473	0.089745	14.207
1	2021-12-02 06:05:00	0.087871	0.087473	0.088609	14.238
1	2021-12-02 06:06:00	0.08789	0.087473	0.088609	14.17
1	2021-12-02 06:07:00	0.088022	0.087473	0.088609	14.212
1	2021-12-02 06:08:00	0.08789	0.086337	0.088609	14.248
1	2021-12-02 06:09:00	0.087644	0.086337	0.089745	14.226
1	2021-12-02 06:10:00	0.088022	0.087473	0.088609	14.183
1	2021-12-02 06:11:00	0.088212	0.087473	0.088609	14.18
1	2021-12-02 06:12:00	0.088136	0.087473	0.088609	14.16
1	2021-12-02 06:13:00	0.087928	0.087473	0.088609	14.218
1	2021-12-02 06:14:00	0.088212	0.087473	0.088609	14.216
1	2021-12-02 06:15:00	0.088515	0.087473	0.089745	14.179
1	2021-12-02 06:16:00	0.088212	0.087473	0.088609	14.189
1	2021-12-02 06:17:00	0.088268	0.086337	0.088609	14.195
1	2021-12-02 06:18:00	0.08842	0.086337	0.089745	14.228
1	2021-12-02 06:19:00	0.088325	0.087473	0.089745	14.243
1	2021-12-02 06:20:00	0.088155	0.087473	0.089745	14.228
1	2021-12-02 06:21:00	0.088306	0.087473	0.089745	14.199
1	2021-12-02 06:22:00	0.088647	0.087473	0.089745	14.209
1	2021-12-02 06:23:00	0.088477	0.087473	0.089745	14.271
1	2021-12-02 06:24:00	0.088117	0.086337	0.088609	14.246
1	2021-12-02 06:25:00	0.087795	0.087473	0.088609	14.224
1	2021-12-02 06:26:00	0.087776	0.087473	0.088609	14.25
1	2021-12-02 06:27:00	0.087492	0.086337	0.088609	14.276
1	2021-12-02 06:28:00	0.08753	0.086337	0.088609	14.237
1	2021-12-02 06:29:00	0.08753	0.086337	0.088609	14.199
1	2021-12-02 06:30:00	0.08736	0.086337	0.088609	14.216
1	2021-12-02 06:31:00	0.087568	0.086337	0.088609	14.209
1	2021-12-02 06:32:00	0.087738	0.086337	0.088609	14.16
1	2021-12-02 06:33:00	0.087776	0.086337	0.088609	14.226
1	2021-12-02 06:34:00	0.087587	0.086337	0.088609	14.215
1	2021-12-02 06:35:00	0.087738	0.086337	0.088609	14.204
1	2021-12-02 06:36:00	0.088003	0.087473	0.088609	14.166
1	2021-12-02 06:37:00	0.087814	0.086337	0.088609	14.191
1	2021-12-02 06:38:00	0.087852	0.087473	0.088609	14.231
1	2021-12-02 06:39:00	0.088041	0.087473	0.088609	14.175
1	2021-12-02 06:40:00	0.087984	0.087473	0.088609	14.218
1	2021-12-02 06:41:00	0.087909	0.087473	0.088609	14.22
1	2021-12-02 06:42:00	0.087814	0.086337	0.088609	14.269
1	2021-12-02 06:43:00	0.087776	0.087473	0.088609	14.264
1	2021-12-02 06:44:00	0.088003	0.087473	0.088609	14.281
1	2021-12-02 06:45:00	0.087814	0.086337	0.088609	14.282
1	2021-12-02 06:46:00	0.088136	0.086337	0.089745	14.241
1	2021-12-02 06:47:00	0.088136	0.087473	0.089745	14.22
1	2021-12-02 06:48:00	0.088325	0.087473	0.089745	14.23
1	2021-12-02 06:49:00	0.087966	0.087473	0.088609	14.287
1	2021-12-02 06:50:00	0.088193	0.087473	0.088609	14.244
1	2021-12-02 06:51:00	0.088268	0.087473	0.088609	14.216
1	2021-12-02 06:52:00	0.088363	0.087473	0.088609	14.232
1	2021-12-02 06:53:00	0.088117	0.087473	0.088609	14.263
1	2021-12-02 06:54:00	0.088496	0.087473	0.089745	14.21
1	2021-12-02 06:55:00	0.088685	0.087473	0.089745	14.214
1	2021-12-02 06:56:00	0.08825	0.087473	0.089745	14.267
1	2021-12-02 06:57:00	0.087984	0.086337	0.088609	14.224
1	2021-12-02 06:58:00	0.088344	0.087473	0.089745	14.216
1	2021-12-02 06:59:00	0.08859	0.087473	0.089745	14.277
1	2021-12-02 07:00:00	0.088666	0.087473	0.089745	14.303
1	2021-12-02 07:01:00	0.013784	-0.010224	0.088609	14.245
1	2021-12-02 07:02:00	-0.0094289	-0.010224	-0.0090881	14.243
1	2021-12-02 07:03:00	-0.0092775	-0.010224	-0.0090881	14.284
1	2021-12-02 07:04:00	-0.0093153	-0.010224	-0.0090881	14.303
1	2021-12-02 07:05:00	-0.009126	-0.010224	-0.0090881	14.232
1	2021-12-02 07:06:00	-0.0091449	-0.010224	-0.0090881	14.243
1	2021-12-02 07:07:00	-0.009126	-0.010224	-0.0090881	14.279
1	2021-12-02 07:08:00	-0.0091449	-0.010224	-0.0090881	14.268
1	2021-12-02 07:09:00	-0.0091639	-0.010224	-0.0079521	14.269
1	2021-12-02 07:10:00	-0.009126	-0.010224	-0.0090881	14.239
1	2021-12-02 07:11:00	-0.0091071	-0.010224	-0.0090881	14.306
1	2021-12-02 07:12:00	-0.0090881	-0.0090881	-0.0090881	14.278
1	2021-12-02 07:13:00	-0.0090881	-0.0090881	-0.0090881	14.277
1	2021-12-02 07:14:00	-0.0091071	-0.010224	-0.0090881	14.279
1	2021-12-02 07:15:00	-0.0091449	-0.010224	-0.0090881	14.307
1	2021-12-02 07:16:00	-0.0090881	-0.0090881	-0.0090881	14.228
1	2021-12-02 07:17:00	-0.0090881	-0.0090881	-0.0090881	14.252
1	2021-12-02 07:18:00	-0.0091071	-0.010224	-0.0090881	14.299
1	2021-12-02 07:19:00	-0.0090881	-0.0090881	-0.0090881	14.247
1	2021-12-02 07:20:00	-0.0090881	-0.0090881	-0.0090881	14.253
1	2021-12-02 07:21:00	-0.0091071	-0.010224	-0.0090881	14.311
1	2021-12-02 07:22:00	-0.0090881	-0.0090881	-0.0090881	14.302
1	2021-12-02 07:23:00	-0.0090881	-0.0090881	-0.0090881	14.243
1	2021-12-02 07:24:00	-0.0090692	-0.0090881	-0.0079521	14.257
1	2021-12-02 07:25:00	-0.0091071	-0.010224	-0.0090881	14.276
1	2021-12-02 07:26:00	-0.0090881	-0.010224	-0.0079521	14.239
1	2021-12-02 07:27:00	-0.0090881	-0.0090881	-0.0090881	14.203
1	2021-12-02 07:28:00	-0.0090881	-0.0090881	-0.0090881	14.243
1	2021-12-02 07:29:00	-0.0090881	-0.0090881	-0.0090881	14.287
1	2021-12-02 07:30:00	-0.0090881	-0.0090881	-0.0090881	14.238
1	2021-12-02 07:31:00	-0.0091071	-0.010224	-0.0090881	14.272
1	2021-12-02 07:32:00	-0.0089935	-0.0090881	-0.0079521	14.307
1	2021-12-02 07:33:00	-0.0090881	-0.010224	-0.0079521	14.286