1	2021-11-28 17:20:00	438.05	433.39	442.48	13.731
1	2021-11-28 17:21:00	432.96	429.87	437.82	13.721
1	2021-11-28 17:22:00	426.9	422.14	431.35	13.722
1	2021-11-28 17:23:00	421.28	418.62	425.1	13.702
1	2021-11-28 17:24:00	417.82	415.33	420.78	13.679
1	2021-11-28 17:25:00	419.16	416.58	422.03	13.68
1	2021-11-28 17:26:00	420.34	418.17	423.62	13.686
1	2021-11-28 17:27:00	422.84	419.99	424.53	13.636
1	2021-11-28 17:28:00	421.65	416.12	424.98	13.62
1	2021-11-28 17:29:00	415.56	410.56	420.78	13.703
1	2021-11-28 17:30:00	407.34	401.47	413.74	13.68
1	2021-11-28 17:31:00	393.44	385.9	401.58	13.627
1	2021-11-28 17:32:00	376.47	363.75	386.7	13.648
1	2021-11-28 17:33:00	355.79	343.42	367.96	13.712
1	2021-11-28 17:34:00	331.59	321.04	342.85	14.139
1	2021-11-28 17:35:00	311.7	303.2	321.61	14.202
1	2021-11-28 17:36:00	294.68	288.09	304.11	14.173
1	2021-11-28 17:37:00	282.85	278.78	287.53	14.152
1	2021-11-28 17:38:00	281.4	279.91	282.98	14.146
1	2021-11-28 17:39:00	283.9	282.3	286.16	14.176
1	2021-11-28 17:40:00	291.32	285.59	298.09	14.149
1	2021-11-28 17:41:00	304.15	296.95	310.36	14.129
1	2021-11-28 17:42:00	316.29	309.91	322.06	14.129
1	2021-11-28 17:43:00	325.87	320.81	330.92	14.118
1	2021-11-28 17:44:00	334.35	329.33	340.46	14.123
1	2021-11-28 17:45:00	347.47	339.21	357.62	14.117
1	2021-11-28 17:46:00	362.99	354.55	370.68	14.096
1	2021-11-28 17:47:00	373.16	368.64	376.93	14.157
1	2021-11-28 17:48:00	377.64	375	380.57	14.113
1	2021-11-28 17:49:00	380.33	377.73	382.27	14.077
1	2021-11-28 17:50:00	385.86	381.02	390.45	14.131
1	2021-11-28 17:51:00	394.29	388.63	401.01	14.148
1	2021-11-28 17:52:00	404.46	395.11	411.01	14.174
1	2021-11-28 17:53:00	414.39	405.67	420.1	14.155
1	2021-11-28 17:54:00	422.32	416.92	427.82	14.07
1	2021-11-28 17:55:00	425.54	421.8	429.19	14.056
1	2021-11-28 17:56:00	424.94	419.76	428.62	14.028
1	2021-11-28 17:57:00	421.48	417.6	424.76	14.074
1	2021-11-28 17:58:00	416.94	413.85	420.78	14.102
1	2021-11-28 17:59:00	414.47	411.12	416.8	14.146
1	2021-11-28 18:00:00	410.93	407.26	413.85	14.087
1	2021-11-28 18:01:00	411.73	407.26	417.94	14.196
1	2021-11-28 18:02:00	418.86	413.51	424.76	14.12
1	2021-11-28 18:03:00	424.99	418.05	431	14.13
1	2021-11-28 18:04:00	429.27	424.53	434.19	14.181
1	2021-11-28 18:05:00	435.18	430.66	438.96	14.145
1	2021-11-28 18:06:00	440.8	435.55	446.57	14.151
1	2021-11-28 18:07:00	450.21	442.36	457.02	14.227
1	2021-11-28 18:08:00	462.4	454.86	470.99	14.22
1	2021-11-28 18:09:00	478.81	468.95	492.24	14.191
1	2021-11-28 18:10:00	496.57	487.81	504.28	14.122
1	2021-11-28 18:11:00	509.12	500.19	519.39	14.156
1	2021-11-28 18:12:00	523.84	510.53	532.56	14.168
1	2021-11-28 18:13:00	531.41	523.93	538.47	14.228
1	2021-11-28 18:14:00	536.69	528.13	543.92	14.159
1	2021-11-28 18:15:00	541.54	537	546.76	14.195
1	2021-11-28 18:16:00	540.3	533.02	546.08	14.119
1	2021-11-28 18:17:00	537.75	530.63	544.04	14.212
1	2021-11-28 18:18:00	539.49	533.47	544.04	14.144
1	2021-11-28 18:19:00	540.61	535.75	544.49	14.128
1	2021-11-28 18:20:00	540.95	536.65	546.99	14.178
1	2021-11-28 18:21:00	540.11	534.38	545.74	14.144
1	2021-11-28 18:22:00	543.67	538.02	547.22	14.126
1	2021-11-28 18:23:00	549.66	545.29	555.85	14.101
1	2021-11-28 18:24:00	550.24	546.31	554.72	14.17
1	2021-11-28 18:25:00	552.31	545.63	556.08	14.075
1	2021-11-28 18:26:00	553.67	549.15	557.33	14.124
1	2021-11-28 18:27:00	555.38	551.31	559.37	14.074
1	2021-11-28 18:28:00	556.8	550.74	562.21	14.066
1	2021-11-28 18:29:00	556.54	552.79	560.28	14.069
1	2021-11-28 18:30:00	557.79	553.24	562.56	14.06
1	2021-11-28 18:31:00	560.25	553.92	565.05	14.127
1	2021-11-28 18:32:00	563.24	558.13	567.21	14.11
1	2021-11-28 18:33:00	565.22	560.51	570.51	14.113
1	2021-11-28 18:34:00	567.56	560.28	572.78	14.072
1	2021-11-28 18:35:00	570.56	563.58	576.64	14.104
1	2021-11-28 18:36:00	573.82	568.46	580.85	14.108
1	2021-11-28 18:37:00	579.84	572.44	585.73	14.13
1	2021-11-28 18:38:00	586.97	579.71	593.46	14.199
1	2021-11-28 18:39:00	595.15	587.55	600.61	14.118
1	2021-11-28 18:40:00	602.87	594.14	611.06	14.164
1	2021-11-28 18:41:00	605.5	598.34	612.99	14.107
1	2021-11-28 18:42:00	608.85	601.98	616.18	14.104
1	2021-11-28 18:43:00	614.87	606.18	625.49	14.116
1	2021-11-28 18:44:00	621.44	610.72	632.42	14.131
1	2021-11-28 18:45:00	631.51	622.2	639.01	14.087
1	2021-11-28 18:46:00	632.38	624.7	638.56	14.145
1	2021-11-28 18:47:00	637.83	630.03	644.01	14.087
1	2021-11-28 18:48:00	643.85	635.83	651.62	14.123
1	2021-11-28 18:49:00	648.5	638.9	655.94	14.117
1	2021-11-28 18:50:00	653.2	648.1	658.66	14.145
1	2021-11-28 18:51:00	657.28	651.05	664	14.165
1	2021-11-28 18:52:00	661.95	650.6	669.8	14.164
1	2021-11-28 18:53:00	666.94	661.5	674.91	14.16
1	2021-11-28 18:54:00	670.88	662.18	678.09	14.178
1	2021-11-28 18:55:00	674.89	667.41	680.93	14.23
1	2021-11-28 18:56:00	674.51	669.11	678.88	14.171
1	2021-11-28 18:57:00	673.67	667.3	680.81	14.159
1	2021-11-28 18:58:00	674.76	669	681.38	14.123
1	2021-11-28 18:59:00	675.18	669.11	683.2	14.16
1	2021-11-28 19:00:00	671.27	659.91	681.04	14.181
1	2021-11-28 19:01:00	674.07	665.37	682.29	14.165
1	2021-11-28 19:02:00	674.62	667.18	682.41	14.173
1	2021-11-28 19:03:00	672.35	664.91	677.07	14.149
1	2021-11-28 19:04:00	675.7	661.84	684.79	14.147
1	2021-11-28 19:05:00	686.23	676.84	696.15	14.133
1	2021-11-28 19:06:00	691.86	687.29	697.4	14.142
1	2021-11-28 19:07:00	696.24	689.22	705.35	14.118
1	2021-11-28 19:08:00	697.76	687.52	707.4	14.175
1	2021-11-28 19:09:00	701.07	695.02	706.83	14.089
1	2021-11-28 19:10:00	702.49	696.49	708.65	14.054
1	2021-11-28 19:11:00	704.41	697.74	711.49	14.048
1	2021-11-28 19:12:00	707.4	700.47	714.78	14.111
1	2021-11-28 19:13:00	703.32	696.83	709.56	14.122
1	2021-11-28 19:14:00	704.19	698.54	709.22	14.118
1	2021-11-28 19:15:00	704.9	696.04	712.28	14.099
1	2021-11-28 19:16:00	698.52	684.56	710.01	14.122
1	2021-11-28 19:17:00	701.5	695.92	709.33	14.065
1	2021-11-28 19:18:00	704.22	698.08	710.58	14.099
1	2021-11-28 19:19:00	701.49	691.49	708.65	14.17
1	2021-11-28 19:20:00	713.57	692.97	724.55	14.17
1	2021-11-28 19:21:00	719.33	710.35	728.41	14.118
1	2021-11-28 19:22:00	735.84	724.78	743.52	14.125
1	2021-11-28 19:23:00	726.99	707.62	742.96	14.107
1	2021-11-28 19:24:00	753.08	738.98	767.61	14.117
1	2021-11-28 19:25:00	752.61	743.07	761.24	14.108
1	2021-11-28 19:26:00	747.02	740.91	755.68	14.119
1	2021-11-28 19:27:00	730.94	716.49	744.43	14.198
1	2021-11-28 19:28:00	720.67	713.42	730.35	14.182
1	2021-11-28 19:29:00	720.87	710.69	728.98	14.213
1	2021-11-28 19:30:00	718.72	712.17	725.35	14.223
1	2021-11-28 19:31:00	717.37	709.56	725.8	14.191
1	2021-11-28 19:32:00	731.59	720.69	742.39	14.169
1	2021-11-28 19:33:00	751.71	739.89	767.04	14.154
1	2021-11-28 19:34:00	765.16	762.15	770.33	14.148
1	2021-11-28 19:35:00	765.04	757.27	772.38	14.085
1	2021-11-28 19:36:00	765.29	758.4	771.24	14.133
1	2021-11-28 19:37:00	768.89	762.61	775.79	14.139
1	2021-11-28 19:38:00	775.36	763.63	782.72	14.139
1	2021-11-28 19:39:00	775.81	768.52	782.37	14.154
1	2021-11-28 19:40:00	775.18	768.52	783.17	14.187
1	2021-11-28 19:41:00	778.12	770.45	783.4	14.197
1	2021-11-28 19:42:00	788.25	779.19	796.8	14.195
1	2021-11-28 19:43:00	787.88	778.06	798.39	14.15
1	2021-11-28 19:44:00	780.99	774.08	788.05	14.134
1	2021-11-28 19:45:00	779.59	772.95	786.35	14.129
1	2021-11-28 19:46:00	778.02	769.88	782.72	14.154
1	2021-11-28 19:47:00	779.96	774.08	787.03	14.196
1	2021-11-28 19:48:00	785.31	779.65	790.78	14.16
1	2021-11-28 19:49:00	765.97	736.82	784.99	14.14
1	2021-11-28 19:50:00	766.55	733.64	783.74	14.11
1	2021-11-28 19:51:00	782.91	775.45	790.33	14.148
1	2021-11-28 19:52:00	783.02	775.33	789.53	14.121
1	2021-11-28 19:53:00	794.42	782.6	809.75	14.118
1	2021-11-28 19:54:00	810.97	796.57	816.23	14.143
1	2021-11-28 19:55:00	821.39	811.23	833.61	14.117
1	2021-11-28 19:56:00	840.74	827.82	853.15	14.05
1	2021-11-28 19:57:00	846.8	838.49	851.56	14.061
1	2021-11-28 19:58:00	848.45	836.45	859.74	14.091
1	2021-11-28 19:59:00	855.96	843.61	863.6	14.073
1	2021-11-28 20:00:00	869.36	832.59	881.66	14.093
1	2021-11-28 20:01:00	870.62	860.53	877.69	14.128
1	2021-11-28 20:02:00	857.4	796.12	889.5	14.163
1	2021-11-28 20:03:00	827.89	790.78	878.14	14.17
1	2021-11-28 20:04:00	810.57	775.1	861.67	14.158
1	2021-11-28 20:05:00	864.07	800.32	915.29	14.119
1	2021-11-28 20:06:00	907.38	889.16	915.74	14.22
1	2021-11-28 20:07:00	908.5	897.68	918.36	14.177
1	2021-11-28 20:08:00	882.22	860.42	901.88	14.134
1	2021-11-28 20:09:00	878.28	849.29	889.39	14.149
1	2021-11-28 20:10:00	885.31	868.48	898.36	14.196
1	2021-11-28 20:11:00	897.07	883.59	910.4	14.211
1	2021-11-28 20:12:00	862.47	839.97	889.96	14.217
1	2021-11-28 20:13:00	841.59	829.41	853.83	14.151
1	2021-11-28 20:14:00	845.14	832.47	853.26	14.124
1	2021-11-28 20:15:00	824.93	811	838.15	14.094
1	2021-11-28 20:16:00	800.57	793.85	810.66	14.086
1	2021-11-28 20:17:00	789.18	779.31	798.73	14.095
1	2021-11-28 20:18:00	776.39	766.81	784.19	14.238
1	2021-11-28 20:19:00	759.67	753.86	767.72	14.209
1	2021-11-28 20:20:00	754.51	751.13	761.24	14.221
1	2021-11-28 20:21:00	758.08	751.82	764.43	14.277
1	2021-11-28 20:22:00	753.78	745	759.65	14.263
1	2021-11-28 20:23:00	743.55	738.75	751.48	14.267
1	2021-11-28 20:24:00	762.7	747.04	779.88	14.238
1	2021-11-28 20:25:00	775.76	771.13	779.31	14.265
1	2021-11-28 20:26:00	764.01	759.09	771.36	14.246
1	2021-11-28 20:27:00	758.69	752.95	763.18	14.28
1	2021-11-28 20:28:00	742.89	717.85	757.27	14.286
1	2021-11-28 20:29:00	716.08	705.81	728.19	14.256
1	2021-11-28 20:30:00	749.41	727.05	769.54	14.201
1	2021-11-28 20:31:00	760.06	755.79	764.54	14.136
1	2021-11-28 20:32:00	755.7	752.38	761.13	14.175
1	2021-11-28 20:33:00	771.31	757.04	783.74	14.188
1	2021-11-28 20:34:00	785.51	773.97	795.44	14.131
1	2021-11-28 20:35:00	799.7	793.85	802.48	14.166
1	2021-11-28 20:36:00	800.09	796.92	805.1	14.128
1	2021-11-28 20:37:00	803.19	799.87	809.3	14.113
1	2021-11-28 20:38:00	811.46	807.37	815.77	14.191
1	2021-11-28 20:39:00	816.99	814.41	820.54	14.245
1	2021-11-28 20:40:00	809.81	803.62	817.02	14.246
1	2021-11-28 20:41:00	800.91	797.94	804.3	14.215
1	2021-11-28 20:42:00	799.18	797.37	801.91	14.209
1	2021-11-28 20:43:00	801.34	798.28	806.23	14.196
1	2021-11-28 20:44:00	798.43	791.46	804.75	14.207
1	2021-11-28 20:45:00	787.64	782.26	794.53	14.256
1	2021-11-28 20:46:00	778.63	774.42	783.51	14.238
1	2021-11-28 20:47:00	774.14	771.36	776.13	14.312
1	2021-11-28 20:48:00	768.87	765.22	772.49	14.27
1	2021-11-28 20:49:00	765.9	764.08	768.4	14.233
1	2021-11-28 20:50:00	765.68	763.52	767.72	14.28
1	2021-11-28 20:51:00	768.13	765.68	770.33	14.347
1	2021-11-28 20:52:00	764.57	762.27	767.38	14.264
1	2021-11-28 20:53:00	762.35	759.09	765.79	14.232
1	2021-11-28 20:54:00	760.16	757.04	762.72	14.223
1	2021-11-28 20:55:00	758.66	756.13	761.24	14.155
1	2021-11-28 20:56:00	754.86	750.79	758.4	14.151
1	2021-11-28 20:57:00	754.82	751.93	757.72	14.216
1	2021-11-28 20:58:00	756.62	753.86	757.95	14.247
1	2021-11-28 20:59:00	757.69	754.54	761.36	14.249
1	2021-11-28 21:00:00	760.73	757.84	763.18	14.224
1	2021-11-28 21:01:00	762.41	758.63	771.47	14.281
1	2021-11-28 21:02:00	762.98	758.86	767.38	14.236
1	2021-11-28 21:03:00	770.86	762.04	777.72	14.3
1	2021-11-28 21:04:00	778.9	773.74	782.72	14.256
1	2021-11-28 21:05:00	782.89	779.65	786.12	14.192
1	2021-11-28 21:06:00	791.06	783.62	798.51	14.201
1	2021-11-28 21:07:00	801.95	794.19	809.3	14.311
1	2021-11-28 21:08:00	814.13	807.03	821.11	14.283
1	2021-11-28 21:09:00	830.11	821.34	839.63	14.283
1	2021-11-28 21:10:00	844.53	833.61	856.67	14.261
1	2021-11-28 21:11:00	859.28	852.13	867.01	14.254
1	2021-11-28 21:12:00	867.42	861.1	873.6	14.237
1	2021-11-28 21:13:00	873.98	866.55	880.19	14.228
1	2021-11-28 21:14:00	882.19	876.55	887.91	14.189
1	2021-11-28 21:15:00	891.63	882.69	899.04	14.205
1	2021-11-28 21:16:00	889.63	880.98	900.52	14.173
1	2021-11-28 21:17:00	887.98	878.82	891.77	14.099
1	2021-11-28 21:18:00	892.7	883.71	898.59	14.182
1	2021-11-28 21:19:00	895.43	888.93	900.18	14.233
1	2021-11-28 21:20:00	908.77	896.2	916.99	14.227
1	2021-11-28 21:21:00	916.95	911.99	922.56	14.238
1	2021-11-28 21:22:00	907.52	901.43	911.43	14.254
1	2021-11-28 21:23:00	902.7	893.36	912.34	14.229
1	2021-11-28 21:24:00	894.75	888.71	899.95	14.201
1	2021-11-28 21:25:00	896.37	887.57	903.93	14.18
1	2021-11-28 21:26:00	911.98	900.86	920.06	14.173
1	2021-11-28 21:27:00	920.06	912.34	926.42	14.205
1	2021-11-28 21:28:00	915.94	909.15	921.08	14.259
1	2021-11-28 21:29:00	920.69	916.08	925.63	14.196
1	2021-11-28 21:30:00	922.34	916.88	930.97	14.235
1	2021-11-28 21:31:00	925.13	911.99	933.24	14.169
1	2021-11-28 21:32:00	904.08	889.73	928.13	14.228
1	2021-11-28 21:33:00	935.91	902.45	949.48	14.179
1	2021-11-28 21:34:00	908.15	842.36	952.32	14.259
1	2021-11-28 21:35:00	942.72	907.45	963.57	14.212
1	2021-11-28 21:36:00	943.51	871.44	974.25	14.233
1	2021-11-28 21:37:00	971.83	914.27	998.79	14.283
1	2021-11-28 21:38:00	994.79	980.16	1006.2	14.245
1	2021-11-28 21:39:00	978.63	962.09	996.4	14.244
1	2021-11-28 21:40:00	985.04	977.09	997.2	14.247
1	2021-11-28 21:41:00	970.69	955.84	983.56	14.259
1	2021-11-28 21:42:00	986.22	944.37	1016.5	14.337
1	2021-11-28 21:43:00	1012.5	920.29	1038.3	14.275
1	2021-11-28 21:44:00	1025.8	920.63	1058.1	14.307
1	2021-11-28 21:45:00	1064.1	924.94	1097.7	14.327
1	2021-11-28 21:46:00	1075.3	1054.8	1086.6	14.352
1	2021-11-28 21:47:00	1082.3	1070.6	1099	14.311
1	2021-11-28 21:48:00	1080.2	1051.3	1096.6	14.244
1	2021-11-28 21:49:00	1049.5	1027.8	1064.2	14.251
1	2021-11-28 21:50:00	1057.1	1026.2	1087.2	14.249
1	2021-11-28 21:51:00	1082.3	1072.7	1096.8	14.268
1	2021-11-28 21:52:00	1081.8	1066.5	1093.3	14.229
1	2021-11-28 21:53:00	1105.5	1087.1	1124.4	14.203
1	2021-11-28 21:54:00	1109.6	1099.6	1121.7	14.207
1	2021-11-28 21:55:00	1091.3	1069.8	1117.5	14.188
1	2021-11-28 21:56:00	1091.1	1063.1	1106.8	14.205
1	2021-11-28 21:57:00	1081.3	1048.1	1105	14.231
1	2021-11-28 21:58:00	1044.4	1029.8	1071.3	14.216
1	2021-11-28 21:59:00	1030.9	1015.6	1046	14.266
1	2021-11-28 22:00:00	1038	1019.1	1052.9	14.262
1	2021-11-28 22:01:00	1053	1028.4	1076.3	14.206
1	2021-11-28 22:02:00	1077.8	1062.2	1090.6	14.197
1	2021-11-28 22:03:00	1027.6	1004.2	1066.7	14.202
1	2021-11-28 22:04:00	1041.8	1013.1	1078.1	14.235
1	2021-11-28 22:05:00	1097.6	1074.3	1117.3	14.228
1	2021-11-28 22:06:00	1101.2	1061.5	1170.9	14.254
1	2021-11-28 22:07:00	1180.5	1154.9	1195.1	14.29
1	2021-11-28 22:08:00	1189.9	1176.6	1204.1	14.258
1	2021-11-28 22:09:00	1168.6	1140.7	1201.6	14.26
1	2021-11-28 22:10:00	1099	1062.4	1138.2	14.234
1	2021-11-28 22:11:00	1021.8	985.49	1059.9	14.236
1	2021-11-28 22:12:00	970.48	942.78	993.22	14.222
1	2021-11-28 22:13:00	948.35	930.74	976.63	14.29
1	2021-11-28 22:14:00	993.53	969.93	1016.4	14.27
1	2021-11-28 22:15:00	1027.2	1009.4	1045.4	14.322
1	2021-11-28 22:16:00	1054	1038.7	1070.1	14.269
1	2021-11-28 22:17:00	1084.7	1064.3	1107.6	14.214
1	2021-11-28 22:18:00	1094.3	1059.3	1111	14.249
1	2021-11-28 22:19:00	1092.1	1079.4	1104.1	14.328
1	2021-11-28 22:20:00	1059.7	1026.8	1090.7	14.301
1	2021-11-28 22:21:00	1037.1	1021.6	1050.1	14.368
1	2021-11-28 22:22:00	1004.2	984.47	1029.5	14.35
1	2021-11-28 22:23:00	958.22	945.62	984.36	14.353
1	2021-11-28 22:24:00	939.57	920.74	958.57	14.337
1	2021-11-28 22:25:00	923.93	918.02	929.72	14.301
1	2021-11-28 22:26:00	923.3	916.2	933.35	14.249
1	2021-11-28 22:27:00	920.7	911.2	943.23	14.216
1	2021-11-28 22:28:00	942.42	931.53	951.41	14.232
1	2021-11-28 22:29:00	964.23	944.6	980.72	14.186
1	2021-11-28 22:30:00	949.79	937.55	970.95	14.233
1	2021-11-28 22:31:00	951.65	936.08	965.84	14.249
1	2021-11-28 22:32:00	960.84	951.87	966.41	14.254
1	2021-11-28 22:33:00	937.05	905.18	963.8	14.256
1	2021-11-28 22:34:00	902.93	870.64	935.85	14.27
1	2021-11-28 22:35:00	863.05	851.44	879.16	14.216
1	2021-11-28 22:36:00	867.47	845.2	886.55	14.246
1	2021-11-28 22:37:00	896.53	886.89	907.45	14.255
1	2021-11-28 22:38:00	883.88	862.24	901.66	14.228
1	2021-11-28 22:39:00	851.85	829.18	871.21	14.192
1	2021-11-28 22:40:00	822.73	807.37	848.72	14.17
1	2021-11-28 22:41:00	799.42	789.08	809.07	14.233
1	2021-11-28 22:42:00	785.36	782.15	789.65	14.235
1	2021-11-28 22:43:00	783.75	781.24	785.78	14.249
1	2021-11-28 22:44:00	784.26	780.9	785.56	14.277
1	2021-11-28 22:45:00	787.35	783.97	789.65	14.2
1	2021-11-28 22:46:00	788.76	786.92	791.24	14.213
1	2021-11-28 22:47:00	790.35	785.21	800.66	14.206
1	2021-11-28 22:48:00	813.85	793.28	824.75	14.23
1	2021-11-28 22:49:00	826.74	821.57	829.52	14.222
1	2021-11-28 22:50:00	819.38	813.62	828.04	14.229
1	2021-11-28 22:51:00	806.15	795.21	814.52	14.257
1	2021-11-28 22:52:00	783.57	776.35	794.76	14.299
1	2021-11-28 22:53:00	768.42	762.95	775.79	14.269
1	2021-11-28 22:54:00	759.55	756.25	764.65	14.32
1	2021-11-28 22:55:00	751.83	749.32	756.93	14.254
1	2021-11-28 22:56:00	750.58	747.95	753.18	14.309
1	2021-11-28 22:57:00	746.38	743.64	748.52	14.326
1	2021-11-28 22:58:00	744.68	741.25	750.68	14.316
1	2021-11-28 22:59:00	752.64	745.91	762.15	14.334
1	2021-11-28 23:00:00	747.7	739.32	752.04	14.292
1	2021-11-28 23:01:00	730.54	717.96	740.68	14.28
1	2021-11-28 23:02:00	695.58	671.05	717.28	14.271
1	2021-11-28 23:03:00	659.9	648.89	670.82	14.275
1	2021-11-28 23:04:00	642.95	633.44	649.69	14.202
1	2021-11-28 23:05:00	627.99	624.92	631.97	14.215
1	2021-11-28 23:06:00	629.87	626.85	632.87	14.196
1	2021-11-28 23:07:00	633.48	631.74	635.03	14.205
1	2021-11-28 23:08:00	626.32	622.31	630.94	14.249
1	2021-11-28 23:09:00	614.62	601.52	622.76	14.215
1	2021-11-28 23:10:00	594.83	589.14	605.38	14.249
1	2021-11-28 23:11:00	597.7	590.84	603.57	14.264
1	2021-11-28 23:12:00	605.34	603.34	607.88	14.208
1	2021-11-28 23:13:00	597.26	591.52	603.22	14.196
1	2021-11-28 23:14:00	601.94	591.98	614.36	14.227
1	2021-11-28 23:15:00	619.69	615.27	621.06	14.221
1	2021-11-28 23:16:00	621.12	618.79	625.26	14.205
1	2021-11-28 23:17:00	639.07	625.83	656.73	14.198
1	2021-11-28 23:18:00	675.72	657.07	695.24	14.222
1	2021-11-28 23:19:00	724.11	696.38	762.38	14.238
1	2021-11-28 23:20:00	812.16	763.52	884.16	14.228
1	2021-11-28 23:21:00	959.23	888.37	996.51	14.217
1	2021-11-28 23:22:00	774.63	585.28	950.16	14.223
1	2021-11-28 23:23:00	561.94	499.39	636.28	14.228
1	2021-11-28 23:24:00	493.73	485.31	501.78	14.194
1	2021-11-28 23:25:00	509.21	495.98	519.16	14.203
1	2021-11-28 23:26:00	516.39	510.87	521.89	14.24
1	2021-11-28 23:27:00	506.45	497.23	515.3	14.139
1	2021-11-28 23:28:00	500.44	493.83	508.03	14.194
1	2021-11-28 23:29:00	502.39	492.46	511.66	14.177
1	2021-11-28 23:30:00	465.41	437.14	491.9	14.196
1	2021-11-28 23:31:00	430.51	424.42	443.61	14.217
1	2021-11-28 23:32:00	429.14	421.58	433.96	14.233
1	2021-11-28 23:33:00	402.36	381.47	421.24	14.188
1	2021-11-28 23:34:00	363.04	351.14	384.31	14.215
1	2021-11-28 23:35:00	356.91	348.76	366.71	14.225
1	2021-11-28 23:36:00	369.2	364.21	372.95	14.207
1	2021-11-28 23:37:00	340.45	307.41	366.48	14.281
1	2021-11-28 23:38:00	264.03	229.51	305.25	14.238
1	2021-11-28 23:39:00	210.91	200.04	230.09	14.242
1	2021-11-28 23:40:00	199.05	196.97	201.97	14.269
1	2021-11-28 23:41:00	200.21	196.38	201.78	14.233
1	2021-11-28 23:42:00	186.7	177.01	195.8	14.206
1	2021-11-28 23:43:00	174.1	172.44	176.82	14.248
1	2021-11-28 23:44:00	177.83	174.95	179.97	14.217
1	2021-11-28 23:45:00	165.71	158.64	173.73	14.24
1	2021-11-28 23:46:00	157.72	156.6	158.84	14.222
1	2021-11-28 23:47:00	160.01	158.74	162.1	14.247
1	2021-11-28 23:48:00	164.95	160.75	173.07	14.241
1	2021-11-28 23:49:00	182.12	170.94	193	14.264
1	2021-11-28 23:50:00	207.16	194.92	218.88	14.19
1	2021-11-28 23:51:00	221.59	215.31	225.02	14.206
1	2021-11-28 23:52:00	213.25	203.18	221.42	14.212
1	2021-11-28 23:53:00	192.53	180.1	205.18	14.21
1	2021-11-28 23:54:00	174.93	166.94	182.48	14.243
1	2021-11-28 23:55:00	171.07	168.31	173.65	14.192
1	2021-11-28 23:56:00	160.37	150.49	170.79	14.143
1	2021-11-28 23:57:00	142.73	134.32	151.76	14.227
1	2021-11-28 23:58:00	131.72	127.86	135.31	14.175
1	2021-11-28 23:59:00	134.14	130.61	137.17	14.22
1	2021-11-29 00:00:00	146.88	135.9	163.23	14.196
1	2021-11-29 00:01:00	189.95	164.07	220.36	14.205
1	2021-11-29 00:02:00	247.51	222.19	267.93	14.2
1	2021-11-29 00:03:00	275.55	265.86	282.8	14.186
1	2021-11-29 00:04:00	292.62	282.39	303.03	14.184
1	2021-11-29 00:05:00	304.9	300.48	307.32	14.204
1	2021-11-29 00:06:00	307.23	304.03	311.61	14.248
1	2021-11-29 00:07:00	313.59	306.25	319.5	14.246
1	2021-11-29 00:08:00	326.21	317.23	334.23	14.192
1	2021-11-29 00:09:00	340.87	332.16	347.41	14.207
1	2021-11-29 00:10:00	351.9	346.19	356.48	14.212
1	2021-11-29 00:11:00	360.2	355.69	365.46	14.21
1	2021-11-29 00:12:00	369.28	363.75	375.45	14.201
1	2021-11-29 00:13:00	377.41	371.7	383.75	14.195
1	2021-11-29 00:14:00	382.28	376.7	385.45	14.155
1	2021-11-29 00:15:00	385.17	382.27	388.97	14.152
1	2021-11-29 00:16:00	385.73	381.36	389.54	14.301
1	2021-11-29 00:17:00	370.61	356.14	383.86	14.293
1	2021-11-29 00:18:00	341.77	332.4	355.46	14.243
1	2021-11-29 00:19:00	337.87	333.31	344.55	14.289
1	2021-11-29 00:20:00	347.54	341.83	352.17	14.202
1	2021-11-29 00:21:00	352.34	350.01	354.55	14.254
1	2021-11-29 00:22:00	349.79	346.83	352.51	14.262
1	2021-11-29 00:23:00	346.94	345.24	349.33	14.27
1	2021-11-29 00:24:00	348.64	346.49	350.46	14.237
1	2021-11-29 00:25:00	348.67	346.6	350.46	14.193
1	2021-11-29 00:26:00	347.17	344.67	349.89	14.188
1	2021-11-29 00:27:00	343.94	339.9	346.6	14.184
1	2021-11-29 00:28:00	336.02	329.79	341.83	14.243
1	2021-11-29 00:29:00	320.81	311.15	329.44	14.232
1	2021-11-29 00:30:00	302.61	295.36	310.02	14.235
1	2021-11-29 00:31:00	292.54	289.12	296.16	14.243
1	2021-11-29 00:32:00	287.81	283.44	291.27	14.214
1	2021-11-29 00:33:00	284.57	279.8	290.25	14.215
1	2021-11-29 00:34:00	303.95	290.03	316.84	14.214
1	2021-11-29 00:35:00	323.56	315.47	329.79	14.227
1	2021-11-29 00:36:00	332.47	327.63	336.6	14.2
1	2021-11-29 00:37:00	336.52	334.33	339.56	14.248
1	2021-11-29 00:38:00	333.17	327.29	337.06	14.318
1	2021-11-29 00:39:00	321.18	313.77	329.79	14.354
1	2021-11-29 00:40:00	304.03	292.18	313.88	14.285
1	2021-11-29 00:41:00	281.65	272.3	293.09	14.233
1	2021-11-29 00:42:00	271.85	269.58	275.26	14.243
1	2021-11-29 00:43:00	278.22	274.01	280.6	14.252
1	2021-11-29 00:44:00	282.41	277.53	289.68	14.223
1	2021-11-29 00:45:00	295.79	289.8	300.36	14.22
1	2021-11-29 00:46:00	298.94	294	301.61	14.253
1	2021-11-29 00:47:00	323.24	302.07	350.69	14.276
1	2021-11-29 00:48:00	358.61	350.57	367.84	14.169
1	2021-11-29 00:49:00	369	357.39	379.32	14.145
1	2021-11-29 00:50:00	372.33	367.27	380.22	14.165
1	2021-11-29 00:51:00	373.39	366.37	382.95	14.257
1	2021-11-29 00:52:00	355.77	330.69	374.77	14.307
1	2021-11-29 00:53:00	301.31	273.78	331.72	14.225
1	2021-11-29 00:54:00	258.63	241.63	280.26	14.264
1	2021-11-29 00:55:00	255.94	237.77	303.2	14.262
1	2021-11-29 00:56:00	339.12	303.54	355.01	14.307
1	2021-11-29 00:57:00	293.44	239.7	342.85	14.231
1	2021-11-29 00:58:00	208.7	186.62	235.38	14.232
1	2021-11-29 00:59:00	189.87	182.8	203.61	14.191
1	2021-11-29 01:00:00	218.57	204.09	226.74	14.175
1	2021-11-29 01:01:00	234.45	226.67	238.68	14.178
1	2021-11-29 01:02:00	234.48	232.52	238.2	14.174
1	2021-11-29 01:03:00	225.79	212.21	232.94	14.225
1	2021-11-29 01:04:00	184.61	157.44	211.91	14.193
1	2021-11-29 01:05:00	146.14	141.91	157.05	14.218
1	2021-11-29 01:06:00	149.38	143.48	154.44	14.235
1	2021-11-29 01:07:00	155.64	152.37	166.03	14.228
1	2021-11-29 01:08:00	187.8	167.46	196.56	14.227
1	2021-11-29 01:09:00	201.18	191.33	223.61	14.189
1	2021-11-29 01:10:00	253.99	225.57	266.44	14.183
1	2021-11-29 01:11:00	249.12	235.14	261.69	14.212
1	2021-11-29 01:12:00	230.72	222.38	253.29	14.236
1	2021-11-29 01:13:00	225.27	213.72	232.77	14.21
1	2021-11-29 01:14:00	194.19	175.81	214.21	14.211
1	2021-11-29 01:15:00	156.29	145.29	174.97	14.193
1	2021-11-29 01:16:00	157.11	146.03	170.22	14.204
1	2021-11-29 01:17:00	186.87	170.3	200.28	14.217
1	2021-11-29 01:18:00	206.92	198.51	211.02	14.184
1	2021-11-29 01:19:00	204.68	199.79	214	14.205
1	2021-11-29 01:20:00	225.56	214.83	233.34	14.234
1	2021-11-29 01:21:00	234.71	233.44	237.7	14.242
1	2021-11-29 01:22:00	234.59	231.99	236.1	14.238
1	2021-11-29 01:23:00	240.83	232.04	247.75	14.262
1	2021-11-29 01:24:00	244.55	242.81	246.55	14.214
1	2021-11-29 01:25:00	236.67	229.27	244.3	14.257
1	2021-11-29 01:26:00	221.99	215.3	229.24	14.277
1	2021-11-29 01:27:00	216.63	214.43	218.86	14.306
1	2021-11-29 01:28:00	220.78	218.26	222.07	14.234
1	2021-11-29 01:29:00	224.84	222.15	226.66	14.324
1	2021-11-29 01:30:00	232	226.49	239.22	14.332
1	2021-11-29 01:31:00	238.39	237.14	240.15	14.307
1	2021-11-29 01:32:00	240.55	237.46	244.68	14.352
1	2021-11-29 01:33:00	247.9	243.81	251.98	14.296
1	2021-11-29 01:34:00	248.73	246.58	251.48	14.245
1	2021-11-29 01:35:00	246.88	243.37	250.48	14.258
1	2021-11-29 01:36:00	241.42	236.42	246.33	14.342
1	2021-11-29 01:37:00	233.5	227.78	237.73	14.353
1	2021-11-29 01:38:00	226.79	223.55	229.78	14.312
1	2021-11-29 01:39:00	220.91	217.8	223.76	14.347
1	2021-11-29 01:40:00	214.65	210.81	218.72	14.315
1	2021-11-29 01:41:00	207.99	203.18	211.9	14.271
1	2021-11-29 01:42:00	201.51	199.64	205.21	14.259
1	2021-11-29 01:43:00	198.75	196.64	200.9	14.259
1	2021-11-29 01:44:00	194.4	191.46	196.94	14.254
1	2021-11-29 01:45:00	190.26	187.78	192.49	14.288
1	2021-11-29 01:46:00	186.01	182.77	188.64	14.305
1	2021-11-29 01:47:00	180.77	176.63	184.25	14.29
1	2021-11-29 01:48:00	174.56	170.63	177.84	14.275
1	2021-11-29 01:49:00	169.42	166.49	172.7	14.266
1	2021-11-29 01:50:00	164.5	161.22	167.72	14.259
1	2021-11-29 01:51:00	158.65	154.93	162.46	14.291
1	2021-11-29 01:52:00	153.18	151.03	155.3	14.263
1	2021-11-29 01:53:00	150.02	147.76	152.58	14.265
1	2021-11-29 01:54:00	146.94	145.33	148.53	14.285
1	2021-11-29 01:55:00	144.43	142.63	145.69	14.275
1	2021-11-29 01:56:00	141.65	139.78	143.16	14.301
1	2021-11-29 01:57:00	138.16	136	140.1	14.215
1	2021-11-29 01:58:00	133.49	130.46	136.13	14.261
1	2021-11-29 01:59:00	128.24	125.45	130.77	14.227
1	2021-11-29 02:00:00	122.31	119.01	125.63	14.238
1	2021-11-29 02:01:00	116.94	114.89	119.28	14.288
1	2021-11-29 02:02:00	113.29	111.61	115.06	14.274
1	2021-11-29 02:03:00	109.94	108.16	111.58	14.278
1	2021-11-29 02:04:00	106.07	104	108.22	14.236
1	2021-11-29 02:05:00	102.33	100.7	104.35	14.255
1	2021-11-29 02:06:00	98.985	97.482	100.62	14.28
1	2021-11-29 02:07:00	96.179	95.028	97.425	14.283
1	2021-11-29 02:08:00	93.995	93.017	95.016	14.337
1	2021-11-29 02:09:00	92.077	91.154	93.074	14.348
1	2021-11-29 02:10:00	90.318	89.416	91.063	14.287
1	2021-11-29 02:11:00	88.361	87.132	89.427	14.316
1	2021-11-29 02:12:00	86.242	85.088	87.36	14.277
1	2021-11-29 02:13:00	83.851	82.214	85.144	14.342
1	2021-11-29 02:14:00	80.943	79.362	82.543	14.336
1	2021-11-29 02:15:00	77.944	76.443	79.396	14.321
1	2021-11-29 02:16:00	75.529	74.602	76.658	14.323
1	2021-11-29 02:17:00	73.409	71.899	74.648	14.317
1	2021-11-29 02:18:00	71.011	69.933	72.455	14.356
1	2021-11-29 02:19:00	68.997	68.172	70.024	14.317
1	2021-11-29 02:20:00	67.18	66.071	68.093	14.342
1	2021-11-29 02:21:00	64.526	62.595	66.23	14.292
1	2021-11-29 02:22:00	60.604	58.573	62.538	14.304
1	2021-11-29 02:23:00	56.585	54.915	58.789	14.324
1	2021-11-29 02:24:00	53.331	51.927	54.96	14.283
1	2021-11-29 02:25:00	51.173	50.428	52.018	14.337
1	2021-11-29 02:26:00	49.876	49.121	50.439	14.275
1	2021-11-29 02:27:00	48.178	47.145	49.246	14.264
1	2021-11-29 02:28:00	45.62	44.134	47.077	14.301
1	2021-11-29 02:29:00	42.298	40.635	43.987	14.369
1	2021-11-29 02:30:00	39.027	37.659	40.488	14.379
1	2021-11-29 02:31:00	36.635	35.603	37.67	14.36
1	2021-11-29 02:32:00	34.591	33.706	35.637	14.337
1	2021-11-29 02:33:00	32.937	32.115	33.751	14.325
1	2021-11-29 02:34:00	31.294	30.502	32.092	14.341
1	2021-11-29 02:35:00	29.608	28.616	30.604	14.264
1	2021-11-29 02:36:00	27.771	26.776	28.65	14.239
1	2021-11-29 02:37:00	25.663	24.606	26.765	14.297
1	2021-11-29 02:38:00	23.573	22.623	24.606	14.307
1	2021-11-29 02:39:00	21.33	19.937	22.535	14.231
1	2021-11-29 02:40:00	18.783	17.842	19.923	14.302
1	2021-11-29 02:41:00	17.069	16.205	17.808	14.298
1	2021-11-29 02:42:00	15.631	15.073	16.216	14.296
1	2021-11-29 02:43:00	14.576	14.064	15.141	14.302
1	2021-11-29 02:44:00	13.51	13.026	14.058	14.226
1	2021-11-29 02:45:00	12.735	12.483	13.001	14.212
1	2021-11-29 02:46:00	12.323	12.112	12.552	14.221
1	2021-11-29 02:47:00	11.797	11.459	12.087	14.275
1	2021-11-29 02:48:00	10.966	10.462	11.42	14.283
1	2021-11-29 02:49:00	9.9281	9.4119	10.447	14.285
1	2021-11-29 02:50:00	8.8662	8.3191	9.3915	14.296
1	2021-11-29 02:51:00	7.7792	7.2478	8.3054	14.247
1	2021-11-29 02:52:00	6.7295	6.2481	7.2319	14.297
1	2021-11-29 02:53:00	5.727	5.2484	6.2447	14.285
1	2021-11-29 02:54:00	4.813	4.4305	5.2325	14.237
1	2021-11-29 02:55:00	4.1191	3.8636	4.3918	14.245
1	2021-11-29 02:56:00	3.6025	3.3774	3.8341	14.248
1	2021-11-29 02:57:00	3.1146	2.8298	3.3842	14.212
1	2021-11-29 02:58:00	2.558	2.3209	2.8105	14.238
1	2021-11-29 02:59:00	2.1477	1.9926	2.3345	14.222
1	2021-11-29 03:00:00	1.8053	1.62	2.0028	14.253
1	2021-11-29 03:01:00	1.4705	1.336	1.6075	14.248
1	2021-11-29 03:02:00	1.2297	1.1428	1.3303	14.266
1	2021-11-29 03:03:00	1.0527	0.95993	1.1394	14.287
1	2021-11-29 03:04:00	0.85792	0.7634	0.95539	14.259
1	2021-11-29 03:05:00	0.67301	0.59414	0.76113	14.278
1	2021-11-29 03:06:00	0.52421	0.46463	0.59186	14.311
1	2021-11-29 03:07:00	0.41665	0.37489	0.46349	14.28
1	2021-11-29 03:08:00	0.33547	0.29991	0.37375	14.301
1	2021-11-29 03:09:00	0.26846	0.24197	0.29877	14.316
1	2021-11-29 03:10:00	0.21592	0.19426	0.24084	14.273
1	2021-11-29 03:11:00	0.17606	0.16018	0.19426	14.304
1	2021-11-29 03:12:00	0.14899	0.13973	0.16018	14.294
1	2021-11-29 03:13:00	0.13079	0.12269	0.13859	14.275
1	2021-11-29 03:14:00	0.11665	0.11019	0.12269	14.238
1	2021-11-29 03:15:00	0.10527	0.099969	0.11019	14.276
1	2021-11-29 03:16:00	0.097792	0.095425	0.099969	14.267
1	2021-11-29 03:17:00	0.092926	0.089745	0.095425	14.301
1	2021-11-29 03:18:00	0.087795	0.085201	0.089745	14.264
1	2021-11-29 03:19:00	0.08541	0.084065	0.086337	14.243
1	2021-11-29 03:20:00	0.083687	0.081793	0.085201	14.228
1	2021-11-29 03:21:00	0.081055	0.079521	0.082929	14.24
1	2021-11-29 03:22:00	0.079862	0.078385	0.081793	14.23
1	2021-11-29 03:23:00	0.079351	0.078385	0.080657	14.256
1	2021-11-29 03:24:00	0.078461	0.077249	0.080657	14.243
1	2021-11-29 03:25:00	0.077741	0.077249	0.079521	14.316
1	2021-11-29 03:26:00	0.077154	0.076113	0.078385	14.326
1	2021-11-29 03:27:00	0.076738	0.074977	0.077249	14.301
1	2021-11-29 03:28:00	0.076549	0.076113	0.078385	14.348
1	2021-11-29 03:29:00	0.075981	0.074977	0.077249	14.421
1	2021-11-29 03:30:00	0.054131	-0.01136	0.077249	14.306
1	2021-11-29 03:31:00	-0.011114	-0.01136	-0.010224	14.322
1	2021-11-29 03:32:00	-0.011284	-0.01136	-0.010224	14.306
1	2021-11-29 03:33:00	-0.011228	-0.012496	-0.010224	14.271
1	2021-11-29 03:34:00	-0.011247	-0.01136	-0.010224	14.277
1	2021-11-29 03:35:00	-0.01136	-0.012496	-0.010224	14.261
1	2021-11-29 03:36:00	-0.011341	-0.01136	-0.010224	14.207
1	2021-11-29 03:37:00	-0.011303	-0.01136	-0.010224	14.246
1	2021-11-29 03:38:00	-0.01136	-0.012496	-0.010224	14.285
1	2021-11-29 03:39:00	-0.011379	-0.012496	-0.01136	14.251
1	2021-11-29 03:40:00	-0.011379	-0.012496	-0.010224	14.293
1	2021-11-29 03:41:00	-0.011341	-0.01136	-0.010224	14.284
1	2021-11-29 03:42:00	-0.011379	-0.012496	-0.010224	14.278
1	2021-11-29 03:43:00	-0.011341	-0.012496	-0.010224	14.239
1	2021-11-29 03:44:00	-0.01136	-0.012496	-0.010224	14.243
1	2021-11-29 03:45:00	-0.011152	-0.015904	-0.0068161	14.222
1	2021-11-29 03:46:00	-0.010754	-0.014768	-0.0056801	14.238
1	2021-11-29 03:47:00	-0.0097129	-0.018176	-0.0068161	14.275
1	2021-11-29 03:48:00	-0.0088041	-0.012496	-0.002272	14.289
1	2021-11-29 03:49:00	-0.0090313	-0.010224	-0.0079521	14.239
1	2021-11-29 03:50:00	-0.008842	-0.01136	-0.0056801	14.242
1	2021-11-29 03:51:00	-0.0085391	-0.010224	-0.0079521	14.243
1	2021-11-29 03:52:00	-0.0083876	-0.010224	-0.0068161	14.254
1	2021-11-29 03:53:00	-0.0084444	-0.01136	-0.0068161	14.16
1	2021-11-29 03:54:00	-0.0082929	-0.010224	-0.0068161	14.155
1	2021-11-29 03:55:00	-0.0080279	-0.010224	-0.0068161	14.179
1	2021-11-29 03:56:00	-0.0083876	-0.010224	-0.0056801	14.179
1	2021-11-29 03:57:00	-0.0081415	-0.010224	-0.0068161	14.244
1	2021-11-29 03:58:00	-0.0079332	-0.0090881	-0.0068161	14.244
1	2021-11-29 03:59:00	-0.0079332	-0.0090881	-0.0068161	14.225
1	2021-11-29 04:00:00	-0.00799	-0.0090881	-0.0068161	14.212
1	2021-11-29 04:01:00	-0.0080468	-0.0090881	-0.0056801	14.191
1	2021-11-29 04:02:00	-0.0079521	-0.0090881	-0.0068161	14.22
1	2021-11-29 04:03:00	-0.0078953	-0.0090881	-0.0068161	14.217
1	2021-11-29 04:04:00	-0.0079143	-0.010224	-0.0068161	14.222
1	2021-11-29 04:05:00	-0.0080089	-0.010224	-0.0068161	14.168
1	2021-11-29 04:06:00	-0.0078764	-0.010224	-0.0056801	14.17
1	2021-11-29 04:07:00	-0.0079711	-0.0090881	-0.0068161	14.182
1	2021-11-29 04:08:00	-0.0078953	-0.0090881	-0.0068161	14.133
1	2021-11-29 04:09:00	-0.0079332	-0.010224	-0.0068161	14.307
1	2021-11-29 04:10:00	-0.0080089	-0.0090881	-0.0079521	14.326
1	2021-11-29 04:11:00	-0.0079332	-0.0090881	-0.0068161	14.254
1	2021-11-29 04:12:00	-0.0080089	-0.0090881	-0.0079521	14.316
1	2021-11-29 04:13:00	-0.0079521	-0.0079521	-0.0079521	14.294
1	2021-11-29 04:14:00	-0.0079711	-0.0090881	-0.0068161	14.287
1	2021-11-29 04:15:00	-0.0080089	-0.0090881	-0.0079521	14.27
1	2021-11-29 04:16:00	-0.0081225	-0.0090881	-0.0079521	14.251
1	2021-11-29 04:17:00	-0.0079711	-0.0090881	-0.0068161	14.237
1	2021-11-29 04:18:00	-0.0081415	-0.0090881	-0.0079521	14.229
1	2021-11-29 04:19:00	-0.0081225	-0.0090881	-0.0079521	14.254
1	2021-11-29 04:20:00	-0.008274	-0.0090881	-0.0079521	14.192
1	2021-11-29 04:21:00	-0.0082361	-0.0090881	-0.0079521	14.236
1	2021-11-29 04:22:00	-0.0083119	-0.0090881	-0.0079521	14.231
1	2021-11-29 04:23:00	-0.0086716	-0.0090881	-0.0079521	14.269
1	2021-11-29 04:24:00	-0.0088988	-0.0090881	-0.0079521	14.275
1	2021-11-29 04:25:00	-0.0089177	-0.010224	-0.0068161	14.266
1	2021-11-29 04:26:00	-0.0089556	-0.010224	-0.0079521	14.282
1	2021-11-29 04:27:00	-0.0090692	-0.010224	-0.0079521	14.277
1	2021-11-29 04:28:00	-0.0088988	-0.010224	-0.0056801	14.276
1	2021-11-29 04:29:00	-0.0089367	-0.0090881	-0.0079521	14.294
1	2021-11-29 04:30:00	-0.0089367	-0.010224	-0.0079521	14.241
1	2021-11-29 04:31:00	-0.0089935	-0.0090881	-0.0079521	14.222
1	2021-11-29 04:32:00	-0.0090313	-0.010224	-0.0079521	14.285
1	2021-11-29 04:33:00	-0.0090881	-0.010224	-0.0079521	14.284
1	2021-11-29 04:34:00	-0.0089935	-0.0090881	-0.0079521	14.29
1	2021-11-29 04:35:00	-0.0090503	-0.010224	-0.0079521	14.276
1	2021-11-29 04:36:00	-0.0090124	-0.010224	-0.0079521	14.259
1	2021-11-29 04:37:00	-0.0090313	-0.010224	-0.0079521	14.331
1	2021-11-29 04:38:00	-0.0089935	-0.010224	-0.0079521	14.281
1	2021-11-29 04:39:00	-0.0090124	-0.010224	-0.0079521	14.259
1	2021-11-29 04:40:00	-0.0090881	-0.010224	-0.0079521	14.18
1	2021-11-29 04:41:00	-0.0090881	-0.010224	-0.0079521	14.218
1	2021-11-29 04:42:00	-0.0092207	-0.01136	-0.0079521	14.269
1	2021-11-29 04:43:00	-0.0091639	-0.01136	-0.0079521	14.217
1	2021-11-29 04:44:00	-0.0091449	-0.01136	-0.0079521	14.217
1	2021-11-29 04:45:00	-0.0092017	-0.01136	-0.0079521	14.178
1	2021-11-29 04:46:00	-0.0092017	-0.010224	-0.0079521	14.221
1	2021-11-29 04:47:00	-0.0091828	-0.010224	-0.0068161	14.249
1	2021-11-29 04:48:00	-0.0090313	-0.010224	-0.0068161	14.31
1	2021-11-29 04:49:00	-0.0092017	-0.010224	-0.0079521	14.285
1	2021-11-29 04:50:00	-0.009126	-0.010224	-0.0079521	14.28
1	2021-11-29 04:51:00	-0.0092964	-0.01136	-0.0079521	14.333
1	2021-11-29 04:52:00	-0.0091828	-0.010224	-0.0090881	14.265
1	2021-11-29 04:53:00	-0.0091828	-0.01136	-0.0079521	14.259
1	2021-11-29 04:54:00	-0.0091828	-0.010224	-0.0079521	14.258
1	2021-11-29 04:55:00	-0.0092207	-0.010224	-0.0079521	14.222
1	2021-11-29 04:56:00	-0.00941	-0.012496	-0.0079521	14.259
1	2021-11-29 04:57:00	-0.0092207	-0.01136	-0.0079521	14.251
1	2021-11-29 04:58:00	-0.0093532	-0.010224	-0.0068161	14.265
1	2021-11-29 04:59:00	-0.0091071	-0.010224	-0.0079521	14.291
1	2021-11-29 05:00:00	-0.0092964	-0.010224	-0.0079521	14.217
1	2021-11-29 05:01:00	-0.0092207	-0.01136	-0.0079521	14.211
1	2021-11-29 05:02:00	-0.0093532	-0.010224	-0.0079521	14.256
1	2021-11-29 05:03:00	-0.0096372	-0.013632	-0.0090881	14.234
1	2021-11-29 05:04:00	-0.0095425	-0.01136	-0.0090881	14.236
1	2021-11-29 05:05:00	-0.0097508	-0.012496	-0.0079521	14.228
1	2021-11-29 05:06:00	-0.0096183	-0.01136	-0.0079521	14.235
1	2021-11-29 05:07:00	-0.0093153	-0.012496	-0.0045441	14.224
1	2021-11-29 05:08:00	-0.0089935	-0.01136	-0.002272	14.232
1	2021-11-29 05:09:00	-0.0090503	-0.010224	-0.0079521	14.158
1	2021-11-29 05:10:00	-0.0089556	-0.010224	-0.0068161	14.212
1	2021-11-29 05:11:00	-0.0090124	-0.010224	-0.0068161	14.195
1	2021-11-29 05:12:00	-0.0090503	-0.010224	-0.0079521	14.216
1	2021-11-29 05:13:00	-0.0087852	-0.010224	-0.0068161	14.213
1	2021-11-29 05:14:00	-0.0089367	-0.010224	-0.0079521	14.247
1	2021-11-29 05:15:00	-0.0089177	-0.01136	-0.0079521	14.253
1	2021-11-29 05:16:00	-0.0090503	-0.010224	-0.0079521	14.301
1	2021-11-29 05:17:00	-0.009126	-0.010224	-0.0079521	14.256
1	2021-11-29 05:18:00	-0.0091071	-0.010224	-0.0079521	14.279
1	2021-11-29 05:19:00	-0.0090503	-0.010224	-0.0079521	14.233
1	2021-11-29 05:20:00	-0.0090692	-0.0090881	-0.0079521	14.249
1	2021-11-29 05:21:00	-0.0090692	-0.010224	-0.0079521	14.302
1	2021-11-29 05:22:00	-0.0090503	-0.0090881	-0.0079521	14.285
1	2021-11-29 05:23:00	-0.0085012	-0.0090881	-0.0079521	14.271
1	2021-11-29 05:24:00	-0.0088041	-0.0090881	-0.0079521	14.247
1	2021-11-29 05:25:00	-0.0090313	-0.0090881	-0.0079521	14.233
1	2021-11-29 05:26:00	-0.0090313	-0.010224	-0.0079521	14.259
1	2021-11-29 05:27:00	-0.0090692	-0.0090881	-0.0079521	14.277
1	2021-11-29 05:28:00	-0.0090503	-0.0090881	-0.0079521	14.262
1	2021-11-29 05:29:00	-0.0091639	-0.010224	-0.0090881	14.268
1	2021-11-29 05:30:00	-0.009126	-0.010224	-0.0090881	14.209
1	2021-11-29 05:31:00	-0.0090881	-0.010224	-0.0079521	14.251
1	2021-11-29 05:32:00	-0.009126	-0.010224	-0.0090881	14.27
1	2021-11-29 05:33:00	-0.0090881	-0.0090881	-0.0090881	14.278
1	2021-11-29 05:34:00	-0.0091071	-0.010224	-0.0090881	14.283
1	2021-11-29 05:35:00	-0.0091639	-0.010224	-0.0079521	14.344
1	2021-11-29 05:36:00	-0.0093721	-0.01136	-0.0079521	14.348
1	2021-11-29 05:37:00	-0.0093911	-0.01136	-0.0068161	14.384
1	2021-11-29 05:38:00	-0.0093911	-0.010224	-0.0079521	14.352
1	2021-11-29 05:39:00	-0.0092585	-0.010224	-0.0079521	14.34
1	2021-11-29 05:40:00	-0.009126	-0.010224	-0.0079521	14.36
1	2021-11-29 05:41:00	-0.0090692	-0.0090881	-0.0079521	14.349
1	2021-11-29 05:42:00	-0.0091071	-0.010224	-0.0090881	14.342
1	2021-11-29 05:43:00	-0.0090313	-0.010224	-0.0079521	14.343
1	2021-11-29 05:44:00	-0.0088231	-0.010224	-0.0068161	14.277
1	2021-11-29 05:45:00	-0.0080847	-0.01136	-0.0056801	14.311
1	2021-11-29 05:46:00	-0.0079332	-0.0090881	-0.0068161	14.305
1	2021-11-29 05:47:00	-0.0078007	-0.0079521	-0.0068161	14.289
1	2021-11-29 05:48:00	-0.0078764	-0.0090881	-0.0068161	14.285
1	2021-11-29 05:49:00	-0.0075734	-0.0090881	-0.0068161	14.249
1	2021-11-29 05:50:00	-0.0073084	-0.0079521	-0.0068161	14.253
1	2021-11-29 05:51:00	-0.007138	-0.0079521	-0.0068161	14.306
1	2021-11-29 05:52:00	-0.0068729	-0.0079521	-0.0068161	14.303
1	2021-11-29 05:53:00	-0.0069865	-0.0079521	-0.0068161	14.285
1	2021-11-29 05:54:00	-0.0069865	-0.0079521	-0.0068161	14.289
1	2021-11-29 05:55:00	-0.006835	-0.0079521	-0.0068161	14.299
1	2021-11-29 05:56:00	-0.006854	-0.0079521	-0.0068161	14.294
1	2021-11-29 05:57:00	-0.006835	-0.0079521	-0.0068161	14.253
1	2021-11-29 05:58:00	-0.006854	-0.0079521	-0.0068161	14.264
1	2021-11-29 05:59:00	-0.0068918	-0.0079521	-0.0068161	14.251
1	2021-11-29 06:00:00	-0.0069486	-0.0079521	-0.0068161	14.258
1	2021-11-29 06:01:00	-0.0070244	-0.0079521	-0.0068161	14.228
1	2021-11-29 06:02:00	-0.0070244	-0.0079521	-0.0068161	14.243
1	2021-11-29 06:03:00	-0.0069865	-0.0079521	-0.0068161	14.329
1	2021-11-29 06:04:00	-0.0071758	-0.0079521	-0.0068161	14.291
1	2021-11-29 06:05:00	-0.0073084	-0.0079521	-0.0068161	14.311
1	2021-11-29 06:06:00	-0.0071948	-0.0079521	-0.0068161	14.28
1	2021-11-29 06:07:00	-0.0073084	-0.0079521	-0.0068161	14.28
1	2021-11-29 06:08:00	-0.0075545	-0.0079521	-0.0068161	14.29
1	2021-11-29 06:09:00	-0.0076681	-0.010224	-0.0068161	14.336
1	2021-11-29 06:10:00	-0.0076681	-0.0090881	-0.0056801	14.316
1	2021-11-29 06:11:00	-0.0076302	-0.010224	-0.0056801	14.272
1	2021-11-29 06:12:00	-0.0078764	-0.010224	-0.0068161	14.28
1	2021-11-29 06:13:00	-0.0078953	-0.0090881	-0.0068161	14.279
1	2021-11-29 06:14:00	-0.0079143	-0.0079521	-0.0068161	14.283
1	2021-11-29 06:15:00	-0.0078575	-0.0079521	-0.0068161	14.276
1	2021-11-29 06:16:00	-0.0078953	-0.0079521	-0.0068161	14.28
1	2021-11-29 06:17:00	-0.0078385	-0.0079521	-0.0068161	14.306
1	2021-11-29 06:18:00	-0.0076492	-0.0090881	-0.0068161	14.269
1	2021-11-29 06:19:00	-0.0078764	-0.0079521	-0.0068161	14.33
1	2021-11-29 06:20:00	-0.0079332	-0.0079521	-0.0068161	14.301
1	2021-11-29 06:21:00	-0.0079332	-0.0079521	-0.0068161	14.314
1	2021-11-29 06:22:00	-0.0079332	-0.0079521	-0.0068161	14.338
1	2021-11-29 06:23:00	-0.0079332	-0.0079521	-0.0068161	14.348
1	2021-11-29 06:24:00	-0.0079143	-0.0079521	-0.0068161	14.354
1	2021-11-29 06:25:00	-0.0078953	-0.0079521	-0.0068161	14.337
1	2021-11-29 06:26:00	-0.0079143	-0.0090881	-0.0068161	14.313
1	2021-11-29 06:27:00	-0.0079711	-0.0090881	-0.0068161	14.27
1	2021-11-29 06:28:00	-0.0078953	-0.0090881	-0.0068161	14.324
1	2021-11-29 06:29:00	-0.0078196	-0.0090881	-0.0056801	14.26
1	2021-11-29 06:30:00	-0.0078196	-0.0090881	-0.0056801	14.33
1	2021-11-29 06:31:00	-0.0078385	-0.0079521	-0.0068161	14.287
1	2021-11-29 06:32:00	-0.0079143	-0.0090881	-0.0068161	14.317
1	2021-11-29 06:33:00	-0.0079711	-0.0090881	-0.0068161	14.326
1	2021-11-29 06:34:00	-0.0079332	-0.0090881	-0.0068161	14.301
1	2021-11-29 06:35:00	-0.00799	-0.0090881	-0.0068161	14.304
1	2021-11-29 06:36:00	-0.0079711	-0.012496	-0.0056801	14.313
1	2021-11-29 06:37:00	-0.0079521	-0.0090881	-0.0068161	14.301
1	2021-11-29 06:38:00	-0.0079711	-0.0090881	-0.0068161	14.26
1	2021-11-29 06:39:00	-0.0080279	-0.0090881	-0.0056801	14.295
1	2021-11-29 06:40:00	-0.0079521	-0.0090881	-0.0056801	14.265
1	2021-11-29 06:41:00	-0.0080279	-0.0090881	-0.0068161	14.305
1	2021-11-29 06:42:00	-0.0080657	-0.0090881	-0.0079521	14.299
1	2021-11-29 06:43:00	-0.0080089	-0.0090881	-0.0068161	14.275
1	2021-11-29 06:44:00	0.021414	-0.0090881	0.097697	14.231
1	2021-11-29 06:45:00	0.089783	0.082929	0.096561	14.255
1	2021-11-29 06:46:00	0.08344	0.081793	0.085201	14.304
1	2021-11-29 06:47:00	0.083024	0.081793	0.084065	14.3
1	2021-11-29 06:48:00	0.082626	0.080657	0.084065	14.261
1	2021-11-29 06:49:00	0.082323	0.080657	0.082929	14.301
1	2021-11-29 06:50:00	0.082077	0.079521	0.084065	14.299
1	2021-11-29 06:51:00	0.081282	0.080657	0.082929	14.275
1	2021-11-29 06:52:00	0.081301	0.080657	0.082929	14.262
1	2021-11-29 06:53:00	0.081168	0.079521	0.082929	14.282
1	2021-11-29 06:54:00	0.080733	0.079521	0.081793	14.254
1	2021-11-29 06:55:00	0.079767	0.077249	0.081793	14.323
1	2021-11-29 06:56:00	0.079389	0.077249	0.081793	14.355
1	2021-11-29 06:57:00	0.079161	0.077249	0.080657	14.323
1	2021-11-29 06:58:00	0.079332	0.078385	0.080657	14.296
1	2021-11-29 06:59:00	0.079199	0.077249	0.080657	14.264
1	2021-11-29 07:00:00	0.079616	0.078385	0.081793	14.296
1	2021-11-29 07:01:00	0.079597	0.078385	0.080657	14.284
1	2021-11-29 07:02:00	0.079294	0.078385	0.080657	14.276
1	2021-11-29 07:03:00	0.079199	0.078385	0.080657	14.283
1	2021-11-29 07:04:00	0.079521	0.078385	0.081793	14.305
1	2021-11-29 07:05:00	0.079427	0.077249	0.080657	14.266
1	2021-11-29 07:06:00	0.079521	0.078385	0.081793	14.205
1	2021-11-29 07:07:00	0.079161	0.077249	0.080657	14.246
1	2021-11-29 07:08:00	0.079464	0.078385	0.080657	14.188
1	2021-11-29 07:09:00	0.079427	0.078385	0.080657	14.292
1	2021-11-29 07:10:00	0.079767	0.078385	0.080657	14.276
1	2021-11-29 07:11:00	0.079408	0.078385	0.080657	14.275
1	2021-11-29 07:12:00	0.079427	0.077249	0.080657	14.258
1	2021-11-29 07:13:00	0.079483	0.077249	0.081793	14.278
1	2021-11-29 07:14:00	0.079294	0.078385	0.080657	14.275
1	2021-11-29 07:15:00	0.079313	0.077249	0.080657	14.264
1	2021-11-29 07:16:00	0.0799	0.078385	0.081793	14.267
1	2021-11-29 07:17:00	0.079862	0.077249	0.080657	14.277
1	2021-11-29 07:18:00	0.07954	0.078385	0.082929	14.324
1	2021-11-29 07:19:00	0.079067	0.078385	0.080657	14.324
1	2021-11-29 07:20:00	0.079559	0.077249	0.080657	14.269
1	2021-11-29 07:21:00	0.079635	0.078385	0.080657	14.283
1	2021-11-29 07:22:00	0.079559	0.078385	0.080657	14.299
1	2021-11-29 07:23:00	0.079748	0.078385	0.081793	14.279
1	2021-11-29 07:24:00	0.08026	0.078385	0.081793	14.236
1	2021-11-29 07:25:00	0.080279	0.079521	0.080657	14.285
1	2021-11-29 07:26:00	0.08026	0.079521	0.081793	14.322
1	2021-11-29 07:27:00	0.079559	0.078385	0.080657	14.27
1	2021-11-29 07:28:00	0.079692	0.078385	0.080657	14.28
1	2021-11-29 07:29:00	0.079483	0.078385	0.080657	14.235
1	2021-11-29 07:30:00	0.079881	0.078385	0.080657	14.271
1	2021-11-29 07:31:00	0.079635	0.077249	0.081793	14.251
1	2021-11-29 07:32:00	0.080108	0.078385	0.081793	14.298
1	2021-11-29 07:33:00	0.079938	0.078385	0.082929	14.265
1	2021-11-29 07:34:00	0.079976	0.078385	0.080657	14.322
1	2021-11-29 07:35:00	0.079275	0.077249	0.080657	14.281
1	2021-11-29 07:36:00	0.079351	0.078385	0.080657	14.314
1	2021-11-29 07:37:00	0.079218	0.077249	0.080657	14.355
1	2021-11-29 07:38:00	0.079029	0.077249	0.080657	14.341
1	2021-11-29 07:39:00	0.078991	0.077249	0.081793	14.346
1	2021-11-29 07:40:00	0.07937	0.077249	0.080657	14.311
1	2021-11-29 07:41:00	0.079332	0.078385	0.081793	14.277
1	2021-11-29 07:42:00	0.079711	0.077249	0.081793	14.304
1	2021-11-29 07:43:00	0.079237	0.077249	0.081793	14.312
1	2021-11-29 07:44:00	0.079464	0.078385	0.081793	14.279
1	2021-11-29 07:45:00	0.079483	0.077249	0.080657	14.285
1	2021-11-29 07:46:00	0.079256	0.076113	0.080657	14.294
1	2021-11-29 07:47:00	0.07937	0.078385	0.080657	14.306
1	2021-11-29 07:48:00	0.079597	0.078385	0.080657	14.244
1	2021-11-29 07:49:00	0.079995	0.078385	0.081793	14.293
1	2021-11-29 07:50:00	0.079673	0.077249	0.080657	14.271
1	2021-11-29 07:51:00	0.079332	0.077249	0.080657	14.285
1	2021-11-29 07:52:00	0.079237	0.077249	0.081793	14.284
1	2021-11-29 07:53:00	0.079389	0.078385	0.080657	14.257
1	2021-11-29 07:54:00	0.079161	0.077249	0.081793	14.276
1	2021-11-29 07:55:00	0.079143	0.077249	0.081793	14.307
1	2021-11-29 07:56:00	0.079616	0.077249	0.081793	14.299
1	2021-11-29 07:57:00	0.079919	0.077249	0.084065	14.284
1	2021-11-29 07:58:00	0.079729	0.078385	0.081793	14.314
1	2021-11-29 07:59:00	0.079464	0.078385	0.080657	14.269
1	2021-11-29 08:00:00	0.079086	0.077249	0.080657	14.279
1	2021-11-29 08:01:00	0.078953	0.076113	0.080657	14.332
1	2021-11-29 08:02:00	0.079105	0.077249	0.080657	14.285
1	2021-11-29 08:03:00	0.079199	0.077249	0.080657	14.332
1	2021-11-29 08:04:00	0.079067	0.074977	0.082929	14.321
1	2021-11-29 08:05:00	0.079408	0.077249	0.081793	14.35
1	2021-11-29 08:06:00	0.079048	0.078385	0.080657	14.32
1	2021-11-29 08:07:00	0.078896	0.077249	0.080657	14.329
1	2021-11-29 08:08:00	0.078575	0.076113	0.080657	14.354
1	2021-11-29 08:09:00	0.078821	0.076113	0.080657	14.33
1	2021-11-29 08:10:00	0.079048	0.077249	0.081793	14.299
1	2021-11-29 08:11:00	0.023553	-0.010224	0.080657	14.296
1	2021-11-29 08:12:00	-0.008558	-0.010224	-0.0079521	14.262
1	2021-11-29 08:13:00	-0.0088041	-0.010224	-0.0079521	14.255
1	2021-11-29 08:14:00	-0.0085354	-0.0090881	-0.0068161	14.283
1	2021-11-29 08:15:00	-0.0084633	-0.0090881	-0.0068161	14.317
1	2021-11-29 08:16:00	-0.0085769	-0.010224	-0.0079521	14.285
1	2021-11-29 08:17:00	-0.0086148	-0.010224	-0.0079521	14.303
1	2021-11-29 08:18:00	-0.0086337	-0.0090881	-0.0079521	14.306
1	2021-11-29 08:19:00	-0.0086148	-0.0090881	-0.0068161	14.296
1	2021-11-29 08:20:00	-0.0088609	-0.010224	-0.0068161	14.296
1	2021-11-29 08:21:00	-0.0087663	-0.012496	-0.0079521	14.306
1	2021-11-29 08:22:00	-0.0087663	-0.010224	-0.0079521	14.302
1	2021-11-29 08:23:00	-0.0086905	-0.010224	-0.0068161	14.305
1	2021-11-29 08:24:00	-0.0087852	-0.01136	-0.0079521	14.309
1	2021-11-29 08:25:00	-0.0087095	-0.010224	-0.0079521	14.249
1	2021-11-29 08:26:00	-0.0088041	-0.01136	-0.0079521	14.293
1	2021-11-29 08:27:00	-0.0086716	-0.010224	-0.0079521	14.284
1	2021-11-29 08:28:00	-0.008558	-0.010224	-0.0079521	14.343
1	2021-11-29 08:29:00	-0.0084633	-0.0090881	-0.0079521	14.32
1	2021-11-29 08:30:00	-0.0086905	-0.010224	-0.0079521	14.377
1	2021-11-29 08:31:00	-0.0087284	-0.010224	-0.0079521	14.379
1	2021-11-29 08:32:00	-0.008558	-0.0090881	-0.0079521	14.322
1	2021-11-29 08:33:00	-0.0087284	-0.010224	-0.0079521	14.305
1	2021-11-29 08:34:00	-0.0087284	-0.010224	-0.0068161	14.28
1	2021-11-29 08:35:00	-0.0087852	-0.010224	-0.0068161	14.269
1	2021-11-29 08:36:00	-0.0086337	-0.0090881	-0.0079521	14.269
1	2021-11-29 08:37:00	-0.0086905	-0.01136	-0.0068161	14.295
1	2021-11-29 08:38:00	-0.008558	-0.010224	-0.0056801	14.3
1	2021-11-29 08:39:00	-0.0088041	-0.01136	-0.0068161	14.292
1	2021-11-29 08:40:00	-0.0085959	-0.010224	-0.0079521	14.289
1	2021-11-29 08:41:00	-0.0085201	-0.010224	-0.0079521	14.278
1	2021-11-29 08:42:00	-0.0086148	-0.0090881	-0.0079521	14.297
1	2021-11-29 08:43:00	-0.0088231	-0.010224	-0.0079521	14.268
1	2021-11-29 08:44:00	-0.0087284	-0.0090881	-0.0079521	14.327
1	2021-11-29 08:45:00	-0.0085012	-0.0090881	-0.0068161	14.284
1	2021-11-29 08:46:00	-0.0086716	-0.010224	-0.0079521	14.282
1	2021-11-29 08:47:00	-0.0088609	-0.010224	-0.0079521	14.271
1	2021-11-29 08:48:00	-0.0087663	-0.010224	-0.0079521	14.29
1	2021-11-29 08:49:00	-0.0086905	-0.010224	-0.0079521	14.263
1	2021-11-29 08:50:00	-0.0086337	-0.0090881	-0.0079521	14.261
1	2021-11-29 08:51:00	-0.0086716	-0.0090881	-0.0079521	14.273
1	2021-11-29 08:52:00	-0.0086905	-0.010224	-0.0079521	14.321
1	2021-11-29 08:53:00	-0.008558	-0.0090881	-0.0079521	14.258
1	2021-11-29 08:54:00	-0.0086527	-0.0090881	-0.0079521	14.26
1	2021-11-29 08:55:00	-0.0086905	-0.0090881	-0.0079521	14.316
1	2021-11-29 08:56:00	-0.008558	-0.0090881	-0.0079521	14.31
1	2021-11-29 08:57:00	-0.0086148	-0.010224	-0.0068161	14.288
1	2021-11-29 08:58:00	-0.0084444	-0.0090881	-0.0068161	14.259
1	2021-11-29 08:59:00	-0.0085201	-0.010224	-0.0068161	14.305
1	2021-11-29 09:00:00	-0.008558	-0.0090881	-0.0068161	14.271
1	2021-11-29 09:01:00	-0.0086716	-0.010224	-0.0068161	14.286
1	2021-11-29 09:02:00	-0.0086905	-0.010224	-0.0079521	14.292
1	2021-11-29 09:03:00	-0.0085959	-0.01136	-0.0068161	14.281
1	2021-11-29 09:04:00	-0.0084255	-0.010224	-0.0068161	14.268
1	2021-11-29 09:05:00	-0.0088988	-0.013632	-0.0056801	14.28
1	2021-11-29 09:06:00	-0.0085959	-0.012496	-0.0034081	14.244
1	2021-11-29 09:07:00	-0.0087852	-0.01136	-0.0056801	14.238
1	2021-11-29 09:08:00	-0.0088231	-0.010224	-0.0045441	14.247
1	2021-11-29 09:09:00	-0.008558	-0.010224	-0.0056801	14.273
1	2021-11-29 09:10:00	-0.0088609	-0.010224	-0.0068161	14.377
1	2021-11-29 09:11:00	-0.0087473	-0.01136	-0.0068161	14.412
1	2021-11-29 09:12:00	-0.008842	-0.012496	-0.0068161	14.395
1	2021-11-29 09:13:00	-0.0086716	-0.01136	-0.0056801	14.343
1	2021-11-29 09:14:00	-0.0088799	-0.010224	-0.0056801	14.373
1	2021-11-29 09:15:00	-0.0090313	-0.012496	-0.0068161	14.337
1	2021-11-29 09:16:00	-0.0088988	-0.01136	-0.0068161	14.378
1	2021-11-29 09:17:00	-0.008842	-0.01136	-0.0068161	14.355
1	2021-11-29 09:18:00	-0.008842	-0.010224	-0.0079521	14.331
1	2021-11-29 09:19:00	-0.0087852	-0.010224	-0.0056801	14.259
1	2021-11-29 09:20:00	-0.0088988	-0.012496	-0.0068161	14.312
1	2021-11-29 09:21:00	-0.0088231	-0.010224	-0.0068161	14.301
1	2021-11-29 09:22:00	-0.0088799	-0.01136	-0.0068161	14.302
1	2021-11-29 09:23:00	-0.0086905	-0.010224	-0.0068161	14.28
1	2021-11-29 09:24:00	-0.0090692	-0.012496	-0.0045441	14.311
1	2021-11-29 09:25:00	-0.0092017	-0.01136	-0.0056801	14.293
1	2021-11-29 09:26:00	-0.0091449	-0.010224	-0.0068161	14.268
1	2021-11-29 09:27:00	-0.0092964	-0.010224	-0.0068161	14.243
1	2021-11-29 09:28:00	-0.0094668	-0.012496	-0.0079521	14.294
1	2021-11-29 09:29:00	-0.0095804	-0.01136	-0.0079521	14.285
1	2021-11-29 09:30:00	-0.0092585	-0.010224	-0.0068161	14.249
1	2021-11-29 09:31:00	-0.0095236	-0.012496	-0.0079521	14.212
1	2021-11-29 09:32:00	-0.0095993	-0.012496	-0.0079521	14.272
1	2021-11-29 09:33:00	-0.0096751	-0.01136	-0.0079521	14.237
1	2021-11-29 09:34:00	-0.009694	-0.012496	-0.0056801	14.263
1	2021-11-29 09:35:00	-0.0098265	-0.01136	-0.0068161	14.28
1	2021-11-29 09:36:00	-0.0096372	-0.01136	-0.0068161	14.264
1	2021-11-29 09:37:00	-0.0097887	-0.01136	-0.0079521	14.26
1	2021-11-29 09:38:00	-0.010016	-0.013632	-0.0079521	14.243
1	2021-11-29 09:39:00	-0.0098644	-0.01136	-0.0079521	14.232
1	2021-11-29 09:40:00	-0.0099212	-0.012496	-0.0068161	14.233
1	2021-11-29 09:41:00	-0.0099402	-0.01136	-0.0090881	14.322
1	2021-11-29 09:42:00	-0.0098265	-0.01136	-0.0068161	14.322
1	2021-11-29 09:43:00	-0.010054	-0.01136	-0.0090881	14.233
1	2021-11-29 09:44:00	-0.0099591	-0.01136	-0.0079521	14.244
1	2021-11-29 09:45:00	-0.0099402	-0.01136	-0.0079521	14.228
1	2021-11-29 09:46:00	-0.009997	-0.01136	-0.0090881	14.248
1	2021-11-29 09:47:00	-0.0099402	-0.01136	-0.0068161	14.264
1	2021-11-29 09:48:00	-0.010016	-0.01136	-0.0079521	14.262
1	2021-11-29 09:49:00	-0.0098834	-0.01136	-0.0045441	14.271
1	2021-11-29 09:50:00	-0.009978	-0.01136	-0.0079521	14.267
1	2021-11-29 09:51:00	-0.010111	-0.012496	-0.0079521	14.283
1	2021-11-29 09:52:00	-0.0099212	-0.01136	-0.0068161	14.267
1	2021-11-29 09:53:00	-0.010186	-0.012496	-0.0090881	14.313
1	2021-11-29 09:54:00	-0.010073	-0.01136	-0.0090881	14.311
1	2021-11-29 09:55:00	-0.010224	-0.012496	-0.0068161	14.336
1	2021-11-29 09:56:00	-0.010243	-0.012496	-0.0056801	14.329
1	2021-11-29 09:57:00	-0.010167	-0.01136	-0.0090881	14.301
1	2021-11-29 09:58:00	-0.010281	-0.01136	-0.0090881	14.247
1	2021-11-29 09:59:00	-0.0103	-0.01136	-0.0090881	14.218
1	2021-11-29 10:00:00	-0.010224	-0.01136	-0.0090881	14.224
1	2021-11-29 10:01:00	-0.010281	-0.01136	-0.010224	14.269
1	2021-11-29 10:02:00	-0.010281	-0.01136	-0.0090881	14.249
1	2021-11-29 10:03:00	-0.010243	-0.01136	-0.0079521	14.246
1	2021-11-29 10:04:00	-0.010186	-0.01136	-0.0090881	14.232
1	2021-11-29 10:05:00	-0.0103	-0.01136	-0.0090881	14.212
1	2021-11-29 10:06:00	-0.010224	-0.010224	-0.010224	14.252
1	2021-11-29 10:07:00	-9.3162	-37.234	-0.0090881	14.218
1	2021-11-29 10:08:00	-0.0099212	-0.010224	-0.0090881	14.243
1	2021-11-29 10:09:00	-0.0099212	-0.010224	-0.0090881	14.206
1	2021-11-29 10:10:00	-0.010224	-0.010224	-0.010224	14.177
1	2021-11-29 10:11:00	-0.010224	-0.010224	-0.010224	14.159
1	2021-11-29 10:12:00	-0.010205	-0.010224	-0.0090881	14.207
1	2021-11-29 10:13:00	-0.010205	-0.010224	-0.0090881	14.195
1	2021-11-29 10:14:00	-0.0099402	-0.010224	-0.0090881	14.129
1	2021-11-29 10:15:00	-0.010205	-0.010224	-0.0090881	14.174
1	2021-11-29 10:16:00	-0.0099402	-0.010224	-0.0090881	14.251
1	2021-11-29 10:17:00	-0.010224	-0.010224	-0.010224	14.223
1	2021-11-29 10:18:00	-0.0099402	-0.010224	-0.0090881	14.19
1	2021-11-29 10:19:00	-0.010224	-0.010224	-0.010224	14.197
1	2021-11-29 10:20:00	-0.010224	-0.010224	-0.010224	14.179
1	2021-11-29 10:21:00	-0.010224	-0.010224	-0.010224	14.241
1	2021-11-29 10:22:00	-0.0099591	-0.010224	-0.0090881	14.222
1	2021-11-29 10:23:00	-0.0098834	-0.010224	-0.0090881	14.193
1	2021-11-29 10:24:00	-0.0097319	-0.010224	-0.0090881	14.212
1	2021-11-29 10:25:00	-0.0093721	-0.010224	-0.0090881	14.196
1	2021-11-29 10:26:00	-9.3159	-37.234	-0.0090881	14.148
1	2021-11-29 10:27:00	-0.0099402	-0.010224	-0.0090881	14.174
1	2021-11-29 10:28:00	-0.0097129	-0.010224	-0.0090881	14.173
1	2021-11-29 10:29:00	-0.0099402	-0.010224	-0.0090881	14.248
1	2021-11-29 10:30:00	-0.0095993	-0.010224	-0.0090881	14.215
1	2021-11-29 10:31:00	-0.0091071	-0.010224	-0.0090881	14.164
1	2021-11-29 10:32:00	-0.0090881	-0.0090881	-0.0090881	14.191
1	2021-11-29 10:33:00	-9.3153	-37.234	-0.0079521	14.272
1	2021-11-29 10:34:00	-0.0090881	-0.010224	-0.0079521	14.24
1	2021-11-29 10:35:00	-0.009126	-0.010224	-0.0079521	14.225
1	2021-11-29 10:36:00	-0.0095993	-0.010224	-0.0090881	14.254
1	2021-11-29 10:37:00	-0.0093721	-0.010224	-0.0079521	14.264
1	2021-11-29 10:38:00	-0.0090881	-0.0090881	-0.0090881	14.257
1	2021-11-29 10:39:00	-0.0094289	-0.010224	-0.0090881	14.212
1	2021-11-29 10:40:00	-0.0095993	-0.010224	-0.0090881	14.209
1	2021-11-29 10:41:00	-0.0091071	-0.010224	-0.0090881	14.201
1	2021-11-29 10:42:00	-0.0093721	-0.010224	-0.0090881	14.182
1	2021-11-29 10:43:00	-0.0091828	-0.010224	-0.0090881	14.175
1	2021-11-29 10:44:00	-0.0093911	-0.010224	-0.0090881	14.191
1	2021-11-29 10:45:00	-0.009126	-0.010224	-0.0090881	14.196
1	2021-11-29 10:46:00	-0.009126	-0.010224	-0.0090881	14.171
1	2021-11-29 10:47:00	-0.0096561	-0.010224	-0.0090881	14.186
1	2021-11-29 10:48:00	-0.0091639	-0.010224	-0.0090881	14.201
1	2021-11-29 10:49:00	-0.0091071	-0.010224	-0.0090881	14.149
1	2021-11-29 10:50:00	-1.8704	-37.234	-0.0090881	14.163
1	2021-11-29 10:51:00	-7.4541	-37.234	-0.0090881	14.169
1	2021-11-29 10:52:00	-0.0090881	-0.0090881	-0.0090881	14.16
1	2021-11-29 10:53:00	-0.0091071	-0.010224	-0.0079521	14.174
1	2021-11-29 10:54:00	-0.0090881	-0.0090881	-0.0090881	14.196
1	2021-11-29 10:55:00	-0.0090692	-0.0090881	-0.0079521	14.231
1	2021-11-29 10:56:00	-0.0090881	-0.0090881	-0.0090881	14.196
1	2021-11-29 10:57:00	-0.0090881	-0.0090881	-0.0090881	14.164
1	2021-11-29 10:58:00	-0.0090881	-0.0090881	-0.0090881	14.164
1	2021-11-29 10:59:00	-0.0090881	-0.0090881	-0.0090881	14.181
1	2021-11-29 11:00:00	-0.0090881	-0.010224	-0.0079521	14.177
1	2021-11-29 11:01:00	-0.0090881	-0.0090881	-0.0090881	14.157
1	2021-11-29 11:02:00	-0.0090881	-0.0090881	-0.0090881	14.166
1	2021-11-29 11:03:00	-0.0091071	-0.010224	-0.0090881	14.167
1	2021-11-29 11:04:00	-0.0090881	-0.0090881	-0.0090881	14.141
1	2021-11-29 11:05:00	-0.0090881	-0.0090881	-0.0090881	14.186
1	2021-11-29 11:06:00	-0.0091071	-0.010224	-0.0090881	14.195
1	2021-11-29 11:07:00	-0.009126	-0.010224	-0.0090881	14.154
1	2021-11-29 11:08:00	-0.0091828	-0.010224	-0.0090881	14.197
1	2021-11-29 11:09:00	-0.0091639	-0.010224	-0.0090881	14.197
1	2021-11-29 11:10:00	-0.009126	-0.010224	-0.0090881	14.228
1	2021-11-29 11:11:00	-0.0093911	-0.010224	-0.0090881	14.262
1	2021-11-29 11:12:00	-0.0091449	-0.010224	-0.0090881	14.238
1	2021-11-29 11:13:00	-0.0091071	-0.010224	-0.0090881	14.238
1	2021-11-29 11:14:00	-0.0091071	-0.010224	-0.0090881	14.234
1	2021-11-29 11:15:00	-0.0090881	-0.010224	-0.0079521	14.21
1	2021-11-29 11:16:00	-1.8703	-37.234	-0.0090881	14.181
1	2021-11-29 11:17:00	-7.4541	-37.234	-0.0090881	14.192
1	2021-11-29 11:18:00	-0.0093911	-0.010224	-0.0090881	14.139
1	2021-11-29 11:19:00	-0.0091071	-0.010224	-0.0090881	14.18
1	2021-11-29 11:20:00	-0.0090881	-0.0090881	-0.0090881	14.179
1	2021-11-29 11:21:00	-0.0093532	-0.010224	-0.0090881	14.182
1	2021-11-29 11:22:00	-0.0090881	-0.0090881	-0.0090881	14.199
1	2021-11-29 11:23:00	-0.0090881	-0.0090881	-0.0090881	14.181
1	2021-11-29 11:24:00	-0.0090881	-0.0090881	-0.0090881	14.185
1	2021-11-29 11:25:00	-0.0090881	-0.0090881	-0.0090881	14.183
1	2021-11-29 11:26:00	-0.0090692	-0.0090881	-0.0079521	14.203
1	2021-11-29 11:27:00	-0.0090503	-0.0090881	-0.0079521	14.19
1	2021-11-29 11:28:00	-0.0089367	-0.0090881	-0.0079521	14.191
1	2021-11-29 11:29:00	-0.0088988	-0.0090881	-0.0079521	14.151
1	2021-11-29 11:30:00	-0.0086527	-0.0090881	-0.0079521	14.144
1	2021-11-29 11:31:00	-0.0090313	-0.010224	-0.0079521	14.186
1	2021-11-29 11:32:00	-0.0088231	-0.0090881	-0.0079521	14.119
1	2021-11-29 11:33:00	-0.0088041	-0.0090881	-0.0079521	14.19
1	2021-11-29 11:34:00	-0.0087663	-0.0090881	-0.0079521	14.196
1	2021-11-29 11:35:00	-0.0086905	-0.0090881	-0.0079521	14.165
1	2021-11-29 11:36:00	-0.0086527	-0.0090881	-0.0079521	14.186
1	2021-11-29 11:37:00	-0.0084633	-0.0090881	-0.0079521	14.213
1	2021-11-29 11:38:00	-0.0083687	-0.0090881	-0.0079521	14.181
1	2021-11-29 11:39:00	-0.0081604	-0.0090881	-0.0079521	14.19
1	2021-11-29 11:40:00	-0.0085012	-0.0090881	-0.0079521	14.218
1	2021-11-29 11:41:00	-0.0085012	-0.0090881	-0.0079521	14.208
1	2021-11-29 11:42:00	-0.0083687	-0.0090881	-0.0079521	14.189
1	2021-11-29 11:43:00	-0.0084255	-0.0090881	-0.0079521	14.234
1	2021-11-29 11:44:00	-0.0083308	-0.0090881	-0.0079521	14.22
1	2021-11-29 11:45:00	-0.0082172	-0.0090881	-0.0079521	14.202
1	2021-11-29 11:46:00	-0.0081415	-0.0090881	-0.0079521	14.213
1	2021-11-29 11:47:00	-0.0080847	-0.0090881	-0.0079521	14.225
1	2021-11-29 11:48:00	-0.0080279	-0.0090881	-0.0068161	14.224
1	2021-11-29 11:49:00	-0.00799	-0.0090881	-0.0079521	14.182
1	2021-11-29 11:50:00	-0.0080089	-0.0090881	-0.0079521	14.338
1	2021-11-29 11:51:00	-0.0083308	-0.010224	-0.0079521	14.311
1	2021-11-29 11:52:00	-0.00799	-0.0090881	-0.0079521	14.212
1	2021-11-29 11:53:00	-0.0080279	-0.0090881	-0.0079521	14.249
1	2021-11-29 11:54:00	-0.0081225	-0.0090881	-0.0068161	14.237
1	2021-11-29 11:55:00	-0.0080279	-0.0090881	-0.0079521	14.21
1	2021-11-29 11:56:00	-0.0080089	-0.0090881	-0.0079521	14.225
1	2021-11-29 11:57:00	-0.0080279	-0.0090881	-0.0079521	14.165
1	2021-11-29 11:58:00	-0.0079711	-0.0090881	-0.0079521	14.165
1	2021-11-29 11:59:00	-0.0080657	-0.0090881	-0.0068161	14.125
1	2021-11-29 12:00:00	-0.0079711	-0.0090881	-0.0079521	14.168
1	2021-11-29 12:01:00	-0.0080847	-0.0090881	-0.0079521	14.139
1	2021-11-29 12:02:00	-0.0080468	-0.0090881	-0.0079521	14.128
1	2021-11-29 12:03:00	-0.0080279	-0.0090881	-0.0079521	14.123
1	2021-11-29 12:04:00	-0.0081036	-0.0090881	-0.0079521	14.165
1	2021-11-29 12:05:00	-0.0081983	-0.0090881	-0.0079521	14.164
1	2021-11-29 12:06:00	-0.0080657	-0.0090881	-0.0079521	14.191
1	2021-11-29 12:07:00	-0.0079711	-0.0090881	-0.0079521	14.165
1	2021-11-29 12:08:00	-0.0080657	-0.0090881	-0.0079521	14.179
1	2021-11-29 12:09:00	-0.0081036	-0.0090881	-0.0079521	14.133
1	2021-11-29 12:10:00	-0.0080847	-0.0090881	-0.0079521	14.182
1	2021-11-29 12:11:00	-0.0080089	-0.0090881	-0.0079521	14.145
1	2021-11-29 12:12:00	-0.0080468	-0.0090881	-0.0079521	14.17
1	2021-11-29 12:13:00	-0.0081225	-0.0090881	-0.0079521	14.134
1	2021-11-29 12:14:00	-0.0083876	-0.0090881	-0.0079521	14.198
1	2021-11-29 12:15:00	-0.0087284	-0.0090881	-0.0079521	14.144
1	2021-11-29 12:16:00	-0.0084444	-0.0090881	-0.0079521	14.21
1	2021-11-29 12:17:00	-0.0088231	-0.0090881	-0.0079521	14.214
1	2021-11-29 12:18:00	-0.0086337	-0.0090881	-0.0079521	14.191
1	2021-11-29 12:19:00	-0.0085769	-0.0090881	-0.0079521	14.242
1	2021-11-29 12:20:00	-0.0085391	-0.0090881	-0.0079521	14.17
1	2021-11-29 12:21:00	-0.0083876	-0.0090881	-0.0068161	14.124
1	2021-11-29 12:22:00	-0.0086716	-0.0090881	-0.0079521	14.169
1	2021-11-29 12:23:00	-0.0084065	-0.0090881	-0.0079521	14.212
1	2021-11-29 12:24:00	-0.0086148	-0.0090881	-0.0079521	14.155
1	2021-11-29 12:25:00	-0.0087852	-0.0090881	-0.0079521	14.142
1	2021-11-29 12:26:00	-0.0087473	-0.0090881	-0.0079521	14.191
1	2021-11-29 12:27:00	-0.0087284	-0.0090881	-0.0079521	14.245
1	2021-11-29 12:28:00	-0.0086905	-0.0090881	-0.0079521	14.194
1	2021-11-29 12:29:00	-0.0086716	-0.0090881	-0.0079521	14.209
1	2021-11-29 12:30:00	-0.0083497	-0.0090881	-0.0079521	14.216
1	2021-11-29 12:31:00	-0.0083119	-0.0090881	-0.0079521	14.217
1	2021-11-29 12:32:00	-0.0083308	-0.0090881	-0.0079521	14.235
1	2021-11-29 12:33:00	-0.0086905	-0.0090881	-0.0079521	14.213
1	2021-11-29 12:34:00	-0.0085959	-0.0090881	-0.0079521	14.16
1	2021-11-29 12:35:00	-0.0086148	-0.0090881	-0.0079521	14.174
1	2021-11-29 12:36:00	-0.0085959	-0.0090881	-0.0079521	14.167
1	2021-11-29 12:37:00	-0.0087284	-0.0090881	-0.0079521	14.163
1	2021-11-29 12:38:00	-0.0087852	-0.0090881	-0.0079521	14.266
1	2021-11-29 12:39:00	-0.0081983	-0.0090881	-0.0079521	14.238
1	2021-11-29 12:40:00	-0.0080847	-0.010224	-0.0056801	14.226
1	2021-11-29 12:41:00	-0.0078385	-0.0090881	-0.0056801	14.149
1	2021-11-29 12:42:00	-0.0076492	-0.0090881	-0.0056801	14.213
1	2021-11-29 12:43:00	-0.0077628	-0.010224	-0.0056801	14.195
1	2021-11-29 12:44:00	-0.0076681	-0.010224	-0.0056801	14.239
1	2021-11-29 12:45:00	-0.0075545	-0.0090881	-0.0056801	14.21
1	2021-11-29 12:46:00	-0.0075734	-0.010224	-0.0056801	14.133
1	2021-11-29 12:47:00	-0.0073841	-0.0090881	-0.0056801	14.23
1	2021-11-29 12:48:00	-0.0073273	-0.0079521	-0.0056801	14.263
1	2021-11-29 12:49:00	-0.0073084	-0.0090881	-0.0056801	14.286
1	2021-11-29 12:50:00	-0.0072326	-0.0090881	-0.0045441	14.245
1	2021-11-29 12:51:00	-0.0074409	-0.0090881	-0.0056801	14.212
1	2021-11-29 12:52:00	-0.0068918	-0.0079521	-0.0045441	14.206
1	2021-11-29 12:53:00	-0.0068918	-0.0079521	-0.0034081	14.172
1	2021-11-29 12:54:00	-0.0067972	-0.0079521	-0.0056801	14.175
1	2021-11-29 12:55:00	-0.006835	-0.0079521	-0.0056801	14.238
1	2021-11-29 12:56:00	-0.0069297	-0.0079521	-0.0068161	14.171
1	2021-11-29 12:57:00	-0.0067782	-0.0079521	-0.0056801	14.212
1	2021-11-29 12:58:00	-0.006835	-0.0079521	-0.0068161	14.165
1	2021-11-29 12:59:00	-0.006835	-0.0079521	-0.0056801	14.136
1	2021-11-29 13:00:00	-0.0068161	-0.0068161	-0.0068161	14.213
1	2021-11-29 13:01:00	-0.0067593	-0.0068161	-0.0056801	14.196
1	2021-11-29 13:02:00	-0.0068918	-0.0079521	-0.0068161	14.268
1	2021-11-29 13:03:00	-0.0068729	-0.0079521	-0.0056801	14.285
1	2021-11-29 13:04:00	-0.006835	-0.0079521	-0.0056801	14.229
1	2021-11-29 13:05:00	-0.0068161	-0.0068161	-0.0068161	14.202
1	2021-11-29 13:06:00	-0.0068161	-0.0068161	-0.0068161	14.24
1	2021-11-29 13:07:00	-0.0068161	-0.0068161	-0.0068161	14.294
1	2021-11-29 13:08:00	-0.0067972	-0.0068161	-0.0056801	14.342
1	2021-11-29 13:09:00	-0.006835	-0.0079521	-0.0068161	14.256
1	2021-11-29 13:10:00	-0.0067782	-0.0068161	-0.0056801	14.228
1	2021-11-29 13:11:00	-0.0068161	-0.0068161	-0.0068161	14.255
1	2021-11-29 13:12:00	-0.0068161	-0.0068161	-0.0068161	14.282
1	2021-11-29 13:13:00	-0.0068161	-0.0068161	-0.0068161	14.259
1	2021-11-29 13:14:00	-0.0068161	-0.0068161	-0.0068161	14.256
1	2021-11-29 13:15:00	-0.0068161	-0.0068161	-0.0068161	14.201
1	2021-11-29 13:16:00	-0.0068161	-0.0068161	-0.0068161	14.199
1	2021-11-29 13:17:00	-0.0068161	-0.0068161	-0.0068161	14.223
1	2021-11-29 13:18:00	-0.0067972	-0.0068161	-0.0056801	14.184
1	2021-11-29 13:19:00	-0.0068161	-0.0068161	-0.0068161	14.141
1	2021-11-29 13:20:00	-0.0067972	-0.0068161	-0.0056801	14.17
1	2021-11-29 13:21:00	-0.0068161	-0.0068161	-0.0068161	14.184
1	2021-11-29 13:22:00	-0.0068161	-0.0068161	-0.0068161	14.16
1	2021-11-29 13:23:00	-0.0068161	-0.0068161	-0.0068161	14.194
1	2021-11-29 13:24:00	-0.0068161	-0.0068161	-0.0068161	14.176
1	2021-11-29 13:25:00	-0.0068161	-0.0079521	-0.0056801	14.187
1	2021-11-29 13:26:00	-0.0068161	-0.0068161	-0.0068161	14.194
1	2021-11-29 13:27:00	-0.0068161	-0.0068161	-0.0068161	14.149
1	2021-11-29 13:28:00	-0.0068161	-0.0068161	-0.0068161	14.187
1	2021-11-29 13:29:00	-0.0068161	-0.0068161	-0.0068161	14.142
1	2021-11-29 13:30:00	-0.0068161	-0.0068161	-0.0068161	14.162
1	2021-11-29 13:31:00	-0.0068161	-0.0068161	-0.0068161	14.178
1	2021-11-29 13:32:00	-0.0068161	-0.0068161	-0.0068161	14.154
1	2021-11-29 13:33:00	-0.0068161	-0.0068161	-0.0068161	14.243
1	2021-11-29 13:34:00	-0.0069108	-0.0079521	-0.0068161	14.256
1	2021-11-29 13:35:00	-0.007119	-0.0079521	-0.0068161	14.287
1	2021-11-29 13:36:00	-0.0074977	-0.0079521	-0.0068161	14.275
1	2021-11-29 13:37:00	-0.0073652	-0.0079521	-0.0068161	14.281
1	2021-11-29 13:38:00	-0.0078196	-0.0079521	-0.0068161	14.285
1	2021-11-29 13:39:00	-0.0078764	-0.0079521	-0.0068161	14.323
1	2021-11-29 13:40:00	-0.0079332	-0.0079521	-0.0068161	14.322
1	2021-11-29 13:41:00	-0.0079143	-0.0079521	-0.0068161	14.273
1	2021-11-29 13:42:00	-0.0079143	-0.0090881	-0.0068161	14.305
1	2021-11-29 13:43:00	-0.0077817	-0.0079521	-0.0068161	14.3
1	2021-11-29 13:44:00	-0.0072705	-0.0079521	-0.0068161	14.305
1	2021-11-29 13:45:00	-0.0069297	-0.0079521	-0.0068161	14.34
1	2021-11-29 13:46:00	-0.0068161	-0.0068161	-0.0068161	14.341
1	2021-11-29 13:47:00	-0.0068918	-0.0079521	-0.0068161	14.374
1	2021-11-29 13:48:00	-0.0069108	-0.0079521	-0.0068161	14.349
1	2021-11-29 13:49:00	-0.0070433	-0.0079521	-0.0068161	14.358
1	2021-11-29 13:50:00	-0.0068161	-0.0068161	-0.0068161	14.376
1	2021-11-29 13:51:00	-0.006835	-0.0079521	-0.0068161	14.284
1	2021-11-29 13:52:00	-0.0068161	-0.0068161	-0.0068161	14.298
1	2021-11-29 13:53:00	-0.0068161	-0.0068161	-0.0068161	14.276
1	2021-11-29 13:54:00	-0.006854	-0.0079521	-0.0068161	14.228
1	2021-11-29 13:55:00	-0.0068729	-0.0079521	-0.0056801	14.281
1	2021-11-29 13:56:00	-0.0069865	-0.0079521	-0.0056801	14.247
1	2021-11-29 13:57:00	-0.0068161	-0.0068161	-0.0068161	14.234
1	2021-11-29 13:58:00	-0.0068161	-0.0079521	-0.0056801	14.255
1	2021-11-29 13:59:00	-0.0067972	-0.0068161	-0.0056801	14.286
1	2021-11-29 14:00:00	-0.0067972	-0.0068161	-0.0056801	14.244
1	2021-11-29 14:01:00	-0.006835	-0.0079521	-0.0068161	14.28
1	2021-11-29 14:02:00	-0.0068161	-0.0068161	-0.0068161	14.228
1	2021-11-29 14:03:00	-0.0068729	-0.0079521	-0.0068161	14.233
1	2021-11-29 14:04:00	-0.0068161	-0.0068161	-0.0068161	14.275
1	2021-11-29 14:05:00	-0.0067782	-0.0068161	-0.0056801	14.269
1	2021-11-29 14:06:00	-0.0068161	-0.0068161	-0.0068161	14.253
1	2021-11-29 14:07:00	-0.006835	-0.0079521	-0.0068161	14.274
1	2021-11-29 14:08:00	-0.006835	-0.0079521	-0.0068161	14.281
1	2021-11-29 14:09:00	-0.0068729	-0.0079521	-0.0068161	14.267
1	2021-11-29 14:10:00	-0.006854	-0.0079521	-0.0068161	14.27
1	2021-11-29 14:11:00	-0.006835	-0.0079521	-0.0068161	14.284
1	2021-11-29 14:12:00	-0.0068161	-0.0068161	-0.0068161	14.245
1	2021-11-29 14:13:00	-0.0068918	-0.0079521	-0.0068161	14.285
1	2021-11-29 14:14:00	-0.0068918	-0.0079521	-0.0068161	14.276
1	2021-11-29 14:15:00	-0.006854	-0.0079521	-0.0068161	14.279
1	2021-11-29 14:16:00	-0.0068918	-0.0079521	-0.0068161	14.263
1	2021-11-29 14:17:00	-0.0069486	-0.0079521	-0.0068161	14.244
1	2021-11-29 14:18:00	-0.0068918	-0.0079521	-0.0068161	14.298
1	2021-11-29 14:19:00	-0.0069108	-0.0079521	-0.0068161	14.308
1	2021-11-29 14:20:00	-0.006854	-0.0079521	-0.0068161	14.344
1	2021-11-29 14:21:00	0.090219	-0.0068161	0.13632	14.369
1	2021-11-29 14:22:00	0.12282	0.11815	0.13291	14.369
1	2021-11-29 14:23:00	0.11938	0.11815	0.12042	14.374
1	2021-11-29 14:24:00	0.11898	0.11815	0.12042	14.38
1	2021-11-29 14:25:00	0.11904	0.11815	0.12042	14.363
1	2021-11-29 14:26:00	0.11847	0.11701	0.12042	14.341
1	2021-11-29 14:27:00	0.11841	0.11701	0.12042	14.306
1	2021-11-29 14:28:00	0.11822	0.11701	0.11928	14.28
1	2021-11-29 14:29:00	0.11879	0.11701	0.12042	14.275
1	2021-11-29 14:30:00	0.11869	0.11815	0.12042	14.235
1	2021-11-29 14:31:00	0.11947	0.11815	0.12155	14.23
1	2021-11-29 14:32:00	0.11964	0.11815	0.12042	14.28
1	2021-11-29 14:33:00	0.12004	0.11928	0.12042	14.273
1	2021-11-29 14:34:00	0.11979	0.11928	0.12042	14.279
1	2021-11-29 14:35:00	0.11917	0.11815	0.12042	14.283
1	2021-11-29 14:36:00	0.11907	0.11815	0.12042	14.275
1	2021-11-29 14:37:00	0.11924	0.11815	0.12042	14.251
1	2021-11-29 14:38:00	0.11943	0.11815	0.12042	14.236
1	2021-11-29 14:39:00	0.11936	0.11815	0.12042	14.251
1	2021-11-29 14:40:00	0.11894	0.11701	0.12042	14.254
1	2021-11-29 14:41:00	0.11907	0.11815	0.11928	14.217
1	2021-11-29 14:42:00	0.11898	0.11815	0.11928	14.219
1	2021-11-29 14:43:00	0.1182	0.11701	0.11928	14.194
1	2021-11-29 14:44:00	0.11799	0.11587	0.11928	14.254
1	2021-11-29 14:45:00	0.11873	0.11701	0.12042	14.248
1	2021-11-29 14:46:00	0.11834	0.11701	0.12042	14.297
1	2021-11-29 14:47:00	0.11849	0.11701	0.11928	14.337
1	2021-11-29 14:48:00	0.1196	0.11815	0.12042	14.239
1	2021-11-29 14:49:00	0.12021	0.11928	0.12155	14.219
1	2021-11-29 14:50:00	0.12087	0.11928	0.12269	14.233
1	2021-11-29 14:51:00	0.12148	0.12042	0.12269	14.232
1	2021-11-29 14:52:00	0.12189	0.12042	0.12383	14.233
1	2021-11-29 14:53:00	0.124	0.12269	0.1261	14.198
1	2021-11-29 14:54:00	0.1257	0.12496	0.12723	14.191
1	2021-11-29 14:55:00	0.12788	0.12723	0.12951	14.226
1	2021-11-29 14:56:00	0.13102	0.12837	0.13291	14.213
1	2021-11-29 14:57:00	0.13526	0.13291	0.13859	14.231
1	2021-11-29 14:58:00	0.14106	0.13746	0.14541	14.179
1	2021-11-29 14:59:00	0.14723	0.14314	0.15223	14.327
1	2021-11-29 15:00:00	0.15673	0.15109	0.16359	14.275
1	2021-11-29 15:01:00	0.16953	0.16245	0.17722	14.25
1	2021-11-29 15:02:00	0.18593	0.17722	0.19653	14.233
1	2021-11-29 15:03:00	0.20937	0.19767	0.2238	14.207
1	2021-11-29 15:04:00	0.24078	0.2238	0.26015	14.206
1	2021-11-29 15:05:00	0.28026	0.25901	0.30332	14.142
1	2021-11-29 15:06:00	0.33122	0.30445	0.36012	14.137
1	2021-11-29 15:07:00	0.39242	0.36012	0.42828	14.147
1	2021-11-29 15:08:00	0.46537	0.42828	0.50553	14.092
1	2021-11-29 15:09:00	0.54707	0.50553	0.59073	14.076
1	2021-11-29 15:10:00	0.63626	0.593	0.68388	14.082
1	2021-11-29 15:11:00	0.74369	0.68615	0.81452	14.115
1	2021-11-29 15:12:00	0.9076	0.81452	1.0111	14.115
1	2021-11-29 15:13:00	1.1517	1.0167	1.2905	14.158
1	2021-11-29 15:14:00	1.4209	1.2882	1.5529	14.175
1	2021-11-29 15:15:00	1.7262	1.5552	1.9131	14.178
1	2021-11-29 15:16:00	2.1693	1.9108	2.4606	14.127
1	2021-11-29 15:17:00	2.7934	2.4708	3.1661	14.105
1	2021-11-29 15:18:00	3.6535	3.1649	4.2203	14.149
1	2021-11-29 15:19:00	4.969	4.2408	5.6778	14.092
1	2021-11-29 15:20:00	6.4213	5.7289	7.0706	14.128
1	2021-11-29 15:21:00	7.506	7.007	7.9669	14.109
1	2021-11-29 15:22:00	8.2755	7.8794	8.6746	14.124
1	2021-11-29 15:23:00	8.8911	8.444	9.3392	14.101
1	2021-11-29 15:24:00	9.7475	9.3074	10.259	14.176
1	2021-11-29 15:25:00	10.703	10.233	11.368	14.189
1	2021-11-29 15:26:00	11.899	11.195	12.645	14.145
1	2021-11-29 15:27:00	13.322	12.466	14.048	14.146
1	2021-11-29 15:28:00	14.972	14.014	16.011	14.152
1	2021-11-29 15:29:00	16.934	15.683	18.062	14.169
1	2021-11-29 15:30:00	19.099	17.929	20.165	14.104
1	2021-11-29 15:31:00	21.165	20.069	22.441	14.146
1	2021-11-29 15:32:00	23.292	22.134	24.607	14.092
1	2021-11-29 15:33:00	25.728	24.42	27.226	14.159
1	2021-11-29 15:34:00	28.346	26.974	29.823	14.144
1	2021-11-29 15:35:00	30.848	29.272	32.169	14.164
1	2021-11-29 15:36:00	33.345	31.985	34.663	14.139
1	2021-11-29 15:37:00	35.917	34.478	37.511	14.227
1	2021-11-29 15:38:00	38.625	37.114	40.033	14.271
1	2021-11-29 15:39:00	41.484	39.965	43.373	14.254
1	2021-11-29 15:40:00	44.381	42.941	46.656	14.248
1	2021-11-29 15:41:00	47.288	45.725	49.099	14.324
1	2021-11-29 15:42:00	50.159	48.213	51.677	14.295
1	2021-11-29 15:43:00	53.086	51.473	54.858	14.191
1	2021-11-29 15:44:00	56.019	54.324	57.585	14.227
1	2021-11-29 15:45:00	59.076	57.505	61.481	14.159
1	2021-11-29 15:46:00	62.339	60.209	63.912	14.215
1	2021-11-29 15:47:00	65.787	63.753	68.297	14.14
1	2021-11-29 15:48:00	69.547	67.389	71.558	14.152
1	2021-11-29 15:49:00	73.265	71.251	75.636	14.185
1	2021-11-29 15:50:00	77.019	74.591	79.692	14.148
1	2021-11-29 15:51:00	80.72	78.249	82.838	14.149
1	2021-11-29 15:52:00	84.814	82.02	87.803	14.181
1	2021-11-29 15:53:00	88.659	85.383	91.109	14.183
1	2021-11-29 15:54:00	92.636	90.359	94.573	14.162
1	2021-11-29 15:55:00	96.541	94.199	99.254	14.099
1	2021-11-29 15:56:00	100.34	98.072	102.38	14.158
1	2021-11-29 15:57:00	104.2	101.47	106.64	14.154
1	2021-11-29 15:58:00	107.73	105.01	110.89	14.179
1	2021-11-29 15:59:00	111.27	108.99	113.77	14.191
1	2021-11-29 16:00:00	114.75	112	116.93	14.208
1	2021-11-29 16:01:00	118.18	115.69	121.2	14.154
1	2021-11-29 16:02:00	121.27	118.59	123.95	14.196
1	2021-11-29 16:03:00	124.15	121.95	126.68	14.236
1	2021-11-29 16:04:00	126.79	125.06	129.12	14.206
1	2021-11-29 16:05:00	129.11	126.17	131.89	14.21
1	2021-11-29 16:06:00	131.05	126.87	135.92	14.11
1	2021-11-29 16:07:00	132.6	130.44	135.99	14.111
1	2021-11-29 16:08:00	134.8	132.72	136.79	14.191
1	2021-11-29 16:09:00	136.9	133.05	139.87	14.14
1	2021-11-29 16:10:00	139.08	136.13	141.16	14.17
1	2021-11-29 16:11:00	141.61	138.99	144.92	14.171
1	2021-11-29 16:12:00	144.13	139.95	147.59	14.188
1	2021-11-29 16:13:00	146.62	143.76	150.27	14.113
1	2021-11-29 16:14:00	149.31	145.96	152.33	14.134
1	2021-11-29 16:15:00	152.21	149.24	156.53	14.183
1	2021-11-29 16:16:00	155.51	151.68	160.09	14.191
1	2021-11-29 16:17:00	159.26	156.53	164.22	14.177
1	2021-11-29 16:18:00	162.78	158.75	167.01	14.175
1	2021-11-29 16:19:00	166.04	162.6	170.79	14.132
1	2021-11-29 16:20:00	168.98	165.76	171.86	14.15
1	2021-11-29 16:21:00	171.67	167.74	175.67	14.19
1	2021-11-29 16:22:00	174.78	170.85	179.26	14.174
1	2021-11-29 16:23:00	178.59	175.58	182.8	14.175
1	2021-11-29 16:24:00	182.69	179.55	185.45	14.144
1	2021-11-29 16:25:00	187.21	184.86	191.11	14.167
1	2021-11-29 16:26:00	191.79	188.08	195.77	14.221
1	2021-11-29 16:27:00	196.67	191.96	199.33	14.2
1	2021-11-29 16:28:00	201.18	197.88	204.4	14.202
1	2021-11-29 16:29:00	205.99	202.35	211.15	14.217
1	2021-11-29 16:30:00	211.52	207.98	215.43	14.276
1	2021-11-29 16:31:00	217.09	213.66	220.57	14.194
1	2021-11-29 16:32:00	223.15	219.09	226.98	14.228
1	2021-11-29 16:33:00	229.86	223.85	234.78	14.155
1	2021-11-29 16:34:00	236.87	230.92	241.79	14.176
1	2021-11-29 16:35:00	244.03	240.32	248.71	14.174
1	2021-11-29 16:36:00	253.55	247.04	262.16	14.195
1	2021-11-29 16:37:00	260.04	254.81	265.83	14.154
1	2021-11-29 16:38:00	265.54	258.31	271.04	14.128
1	2021-11-29 16:39:00	271.98	267.42	278.04	14.168
1	2021-11-29 16:40:00	277.93	271.58	282.36	14.185
1	2021-11-29 16:41:00	284.91	278.96	290.39	14.111
1	2021-11-29 16:42:00	290.65	286.29	298.27	14.169
1	2021-11-29 16:43:00	296.36	289.3	302.33	14.196
1	2021-11-29 16:44:00	303.02	298.11	308.08	14.193
1	2021-11-29 16:45:00	309.69	305.28	314.84	14.236
1	2021-11-29 16:46:00	315.35	311.6	320.32	14.241
1	2021-11-29 16:47:00	320.87	315.74	325.01	14.236
1	2021-11-29 16:48:00	326.61	321.12	330.4	14.211
1	2021-11-29 16:49:00	332.47	328.49	336.15	14.305
1	2021-11-29 16:50:00	336.88	333.82	340.61	14.231
1	2021-11-29 16:51:00	340.23	335.93	343.83	14.236
1	2021-11-29 16:52:00	343.13	338.57	346.56	14.153
1	2021-11-29 16:53:00	346.05	342.63	350.35	14.213
1	2021-11-29 16:54:00	349.58	347.73	353.87	14.155
1	2021-11-29 16:55:00	353.07	349.44	356.6	14.113
1	2021-11-29 16:56:00	356.03	352.39	358.98	14.117
1	2021-11-29 16:57:00	357.79	354.55	361.93	14.156
1	2021-11-29 16:58:00	360.86	354.32	367.73	14.127
1	2021-11-29 16:59:00	368.97	363.41	373.64	14.114
1	2021-11-29 17:00:00	377.97	373.41	384.2	14.141
1	2021-11-29 17:01:00	389.22	381.7	400.9	14.144
1	2021-11-29 17:02:00	404.22	394.08	413.17	14.137
1	2021-11-29 17:03:00	427.24	411.35	445.89	14.139
1	2021-11-29 17:04:00	466.88	430.89	508.25	14.116
1	2021-11-29 17:05:00	523.79	453.84	560.51	14.144
1	2021-11-29 17:06:00	485.2	462.13	546.42	14.124
1	2021-11-29 17:07:00	467.61	457.7	481.9	14.15
1	2021-11-29 17:08:00	460.36	453.16	466.11	14.115
1	2021-11-29 17:09:00	458.76	451.11	466.22	14.181
1	2021-11-29 17:10:00	457.06	451.68	464.18	14.196
1	2021-11-29 17:11:00	454.87	451.11	458.84	14.24
1	2021-11-29 17:12:00	450.63	446.34	456.11	14.189
1	2021-11-29 17:13:00	446.13	441.68	451.23	14.119
1	2021-11-29 17:14:00	440.6	434.19	447.25	14.144
1	2021-11-29 17:15:00	435.2	429.87	439.3	14.129
1	2021-11-29 17:16:00	429.54	426.12	433.62	14.161
1	2021-11-29 17:17:00	424.16	420.33	428.85	14.134
1	2021-11-29 17:18:00	418.69	413.51	422.03	14.202
1	2021-11-29 17:19:00	413.07	409.53	417.26	14.164
1	2021-11-29 17:20:00	409.53	403.4	414.08	14.211
1	2021-11-29 17:21:00	406.98	403.17	411.01	14.214
1	2021-11-29 17:22:00	405.79	401.35	410.1	14.169
1	2021-11-29 17:23:00	406.3	401.35	410.67	14.175
1	2021-11-29 17:24:00	408.67	404.08	412.6	14.169
1	2021-11-29 17:25:00	412.18	408.97	416.01	14.21
1	2021-11-29 17:26:00	417.98	411.81	422.6	14.182
1	2021-11-29 17:27:00	424.61	418.62	429.8	14.165
1	2021-11-29 17:28:00	431.7	425.44	436.8	14.153
1	2021-11-29 17:29:00	439.82	434.41	447.59	14.167
1	2021-11-29 17:30:00	452.59	440.89	466.56	14.144
1	2021-11-29 17:31:00	489.89	461.79	547.67	14.29
1	2021-11-29 17:32:00	645.41	540.74	730.12	14.231
1	2021-11-29 17:33:00	678.36	656.84	702.85	14.293
1	2021-11-29 17:34:00	816.34	686.72	940.51	14.264
1	2021-11-29 17:35:00	770.73	650.03	920.4	14.276
1	2021-11-29 17:36:00	673.75	634.47	722.96	14.212
1	2021-11-29 17:37:00	639.94	615.49	675.02	14.174
1	2021-11-29 17:38:00	587.89	564.37	609.81	14.189
1	2021-11-29 17:39:00	547.47	529.61	571.87	14.215
1	2021-11-29 17:40:00	527.04	520.41	534.27	14.255
1	2021-11-29 17:41:00	525.23	520.3	530.97	14.204
1	2021-11-29 17:42:00	525.99	517.46	533.02	14.231
1	2021-11-29 17:43:00	524.33	519.84	530.29	14.186
1	2021-11-29 17:44:00	518.41	512.34	524.5	14.139
1	2021-11-29 17:45:00	519.72	513.48	524.61	14.074
1	2021-11-29 17:46:00	519.78	514.05	523.93	14.165
1	2021-11-29 17:47:00	514.22	507.91	521.43	14.146
1	2021-11-29 17:48:00	511.64	505.07	517.91	14.165
1	2021-11-29 17:49:00	508.38	502.8	512.68	14.153
1	2021-11-29 17:50:00	502.43	497.35	506.66	14.137
1	2021-11-29 17:51:00	497.59	492.12	501.32	14.149
1	2021-11-29 17:52:00	494.32	491.44	497.8	14.15
1	2021-11-29 17:53:00	490.65	487.58	494.05	14.207
1	2021-11-29 17:54:00	487.6	484.97	491.67	14.185
1	2021-11-29 17:55:00	485.5	482.58	488.37	14.177
1	2021-11-29 17:56:00	491.53	485.87	498.03	14.191
1	2021-11-29 17:57:00	506.03	496.55	516.77	14.152
1	2021-11-29 17:58:00	523.13	514.73	531.43	14.164
1	2021-11-29 17:59:00	533.84	527.91	539.27	14.175
1	2021-11-29 18:00:00	540.48	534.95	546.31	14.217
1	2021-11-29 18:01:00	547.01	541.2	551.99	14.175
1	2021-11-29 18:02:00	550.65	546.31	554.38	14.156
1	2021-11-29 18:03:00	552.8	548.47	556.42	14.152
1	2021-11-29 18:04:00	554.66	550.85	558.01	14.131
1	2021-11-29 18:05:00	558.08	554.6	562.9	14.091
1	2021-11-29 18:06:00	561.44	556.65	566.65	14.121
1	2021-11-29 18:07:00	563.85	561.19	566.42	14.108
1	2021-11-29 18:08:00	562.99	559.83	566.87	14.172
1	2021-11-29 18:09:00	561.53	556.31	566.53	14.129
1	2021-11-29 18:10:00	564.57	556.42	569.37	14.153
1	2021-11-29 18:11:00	569.32	563.81	574.37	14.125
1	2021-11-29 18:12:00	572.07	567.33	576.07	14.147
1	2021-11-29 18:13:00	571.48	567.1	577.1	14.124
1	2021-11-29 18:14:00	569.92	564.49	574.37	14.094
1	2021-11-29 18:15:00	566.92	560.28	575.17	14.103
1	2021-11-29 18:16:00	566.05	561.42	572.78	14.165
1	2021-11-29 18:17:00	570.85	563.58	576.41	14.055
1	2021-11-29 18:18:00	584.07	574.14	594.25	14.089
1	2021-11-29 18:19:00	603.4	590.62	617.99	14.081
1	2021-11-29 18:20:00	624.47	611.06	635.37	14.16
1	2021-11-29 18:21:00	640.19	630.26	649.35	14.135
1	2021-11-29 18:22:00	646.1	639.24	654.35	14.182
1	2021-11-29 18:23:00	632.91	614.93	645.94	14.202
1	2021-11-29 18:24:00	579.1	540.29	614.47	14.182
1	2021-11-29 18:25:00	503.42	484.28	538.02	14.165
1	2021-11-29 18:26:00	498.72	485.42	516.21	14.11
1	2021-11-29 18:27:00	519.01	514.5	524.27	14.117
1	2021-11-29 18:28:00	521.01	514.27	534.61	14.166
1	2021-11-29 18:29:00	536.16	520.18	552.22	14.108
1	2021-11-29 18:30:00	574.37	544.49	598.91	14.083
1	2021-11-29 18:31:00	618.48	598.57	638.33	14.094
1	2021-11-29 18:32:00	637.31	627.65	649.57	14.124
1	2021-11-29 18:33:00	646.94	639.24	656.28	14.155
1	2021-11-29 18:34:00	655.21	647.08	662.41	14.168
1	2021-11-29 18:35:00	660.32	652.87	666.27	14.175
1	2021-11-29 18:36:00	662.19	654.35	667.86	14.159
1	2021-11-29 18:37:00	659.16	652.19	664.91	14.051
1	2021-11-29 18:38:00	654.13	647.87	659	14.086
1	2021-11-29 18:39:00	648.13	643.89	653.32	14.078
1	2021-11-29 18:40:00	645.7	643.33	647.98	14.123
1	2021-11-29 18:41:00	646.51	643.21	650.71	14.104
1	2021-11-29 18:42:00	642.36	635.83	646.39	14.081
1	2021-11-29 18:43:00	647.99	638.44	658.78	14.094
1	2021-11-29 18:44:00	678.44	654.35	705.47	14.084
1	2021-11-29 18:45:00	686.09	676.84	702.63	14.097
1	2021-11-29 18:46:00	698.78	687.29	716.15	14.068
1	2021-11-29 18:47:00	728.22	711.26	746.59	14.095
1	2021-11-29 18:48:00	773.47	748.29	792.37	14.081
1	2021-11-29 18:49:00	787.37	730.23	801.57	14.101
1	2021-11-29 18:50:00	818.78	796.8	840.31	14.077
1	2021-11-29 18:51:00	839.84	827.13	865.19	14.053
1	2021-11-29 18:52:00	911.81	867.24	986.06	14.08
1	2021-11-29 18:53:00	997.53	874.05	1460.8	14.092
1	2021-11-29 18:54:00	1564	1286.4	1889.9	14.087
1	2021-11-29 18:55:00	1889	1453.8	2200.4	14.142
1	2021-11-29 18:56:00	1383.6	1258.1	1496	14.102
1	2021-11-29 18:57:00	1152.6	1041.7	1477.8	14.083
1	2021-11-29 18:58:00	1122.7	1020	1225.3	14.103
1	2021-11-29 18:59:00	1003.8	944.94	1047.3	14.081
1	2021-11-29 19:00:00	947.13	931.42	967.43	14.092
1	2021-11-29 19:01:00	909.74	892.23	946.07	14.098
1	2021-11-29 19:02:00	868.86	838.61	910.29	14.08
1	2021-11-29 19:03:00	823.92	810.32	841.9	14.113
1	2021-11-29 19:04:00	806.51	786.69	828.04	14.087
1	2021-11-29 19:05:00	785.52	772.26	794.3	14.099
1	2021-11-29 19:06:00	786.46	774.76	806.46	14.105
1	2021-11-29 19:07:00	810.56	788.85	835.43	14.139
1	2021-11-29 19:08:00	817.4	796.92	838.15	14.084
1	2021-11-29 19:09:00	833.75	813.27	852.47	14.152
1	2021-11-29 19:10:00	824.72	809.98	839.74	14.116
1	2021-11-29 19:11:00	834.1	818.61	846.45	14.126
1	2021-11-29 19:12:00	859.01	837.02	883.59	14.114
1	2021-11-29 19:13:00	887.31	872.8	906.31	14.13
1	2021-11-29 19:14:00	909.2	885.64	934.15	14.149
1	2021-11-29 19:15:00	901.91	885.18	915.18	14.149
1	2021-11-29 19:16:00	899.58	889.05	911.88	14.145
1	2021-11-29 19:17:00	898.45	883.03	911.65	14.094
1	2021-11-29 19:18:00	892.44	875.07	903.25	14.128
1	2021-11-29 19:19:00	890.98	876.1	905.06	14.16
1	2021-11-29 19:20:00	895.1	882.23	908.7	14.111
1	2021-11-29 19:21:00	903.33	891.89	915.06	14.119
1	2021-11-29 19:22:00	924.94	900.41	955.62	14.171
1	2021-11-29 19:23:00	966.35	938.69	992.42	14.097
1	2021-11-29 19:24:00	920.57	903.36	942.89	14.126
1	2021-11-29 19:25:00	910.52	899.5	922.56	14.086
1	2021-11-29 19:26:00	915.79	898.7	936.19	14.09
1	2021-11-29 19:27:00	927.89	908.13	947.55	14.101
1	2021-11-29 19:28:00	946.74	928.58	972.2	14.095
1	2021-11-29 19:29:00	968.99	947.78	986.06	14.087
1	2021-11-29 19:30:00	984.35	971.52	1013.4	14.039
1	2021-11-29 19:31:00	1060.5	1010.7	1131.2	14.042
1	2021-11-29 19:32:00	986.21	958.68	1034.2	14.102
1	2021-11-29 19:33:00	946.4	929.72	957.21	14.103
1	2021-11-29 19:34:00	933.88	915.06	954.59	14.04
1	2021-11-29 19:35:00	920.6	905.86	940.51	14.226
1	2021-11-29 19:36:00	912.8	904.16	923.13	14.243
1	2021-11-29 19:37:00	905.66	890.18	918.7	14.213
1	2021-11-29 19:38:00	901.78	892	912.79	14.202
1	2021-11-29 19:39:00	899.55	889.84	909.95	14.155
1	2021-11-29 19:40:00	909.92	890.18	921.31	14.165
1	2021-11-29 19:41:00	919.95	910.4	927.44	14.234
1	2021-11-29 19:42:00	935.6	911.31	963.68	14.221
1	2021-11-29 19:43:00	968.88	947.89	995.61	14.163
1	2021-11-29 19:44:00	990.08	973.57	1007	14.205
1	2021-11-29 19:45:00	1010.5	983.68	1033.5	14.148
1	2021-11-29 19:46:00	1048	1027.4	1073.6	14.17
1	2021-11-29 19:47:00	1069.3	1045.5	1081.5	14.178
1	2021-11-29 19:48:00	1061.9	1047.3	1081.6	14.195
1	2021-11-29 19:49:00	1129.8	1056.4	1232.1	14.197
1	2021-11-29 19:50:00	1377.3	1226.3	1542	14.128
1	2021-11-29 19:51:00	1405	1298	1593.7	14.168