1	2021-11-26 02:01:00	38.165	37.898	38.556	13.784
1	2021-11-26 02:02:00	37.627	37.216	37.932	13.787
1	2021-11-26 02:03:00	36.254	35.33	37.17	13.754
1	2021-11-26 02:04:00	34.499	33.819	35.33	13.763
1	2021-11-26 02:05:00	33.298	32.808	33.808	13.818
1	2021-11-26 02:06:00	32.286	31.706	32.831	13.817
1	2021-11-26 02:07:00	31.308	30.877	31.82	13.798
1	2021-11-26 02:08:00	30.365	29.752	30.854	13.805
1	2021-11-26 02:09:00	29.457	29.025	29.934	13.827
1	2021-11-26 02:10:00	28.566	28.06	29.059	13.773
1	2021-11-26 02:11:00	27.675	27.208	28.082	13.865
1	2021-11-26 02:12:00	26.779	26.287	27.174	13.788
1	2021-11-26 02:13:00	25.893	25.424	26.344	13.863
1	2021-11-26 02:14:00	24.933	24.493	25.492	13.767
1	2021-11-26 02:15:00	23.913	23.447	24.458	14.254
1	2021-11-26 02:16:00	22.966	22.479	23.391	14.249
1	2021-11-26 02:17:00	22.056	21.626	22.589	14.311
1	2021-11-26 02:18:00	21.192	20.764	21.702	14.209
1	2021-11-26 02:19:00	20.447	20.153	20.88	14.234
1	2021-11-26 02:20:00	19.966	19.767	20.132	14.289
1	2021-11-26 02:21:00	19.8	19.574	20.126	14.253
1	2021-11-26 02:22:00	19.433	19.081	19.846	14.294
1	2021-11-26 02:23:00	19.083	18.929	19.269	14.299
1	2021-11-26 02:24:00	19.183	18.994	19.345	14.315
1	2021-11-26 02:25:00	18.174	17.273	19.026	14.257
1	2021-11-26 02:26:00	16.375	15.736	17.227	14.238
1	2021-11-26 02:27:00	15.355	15.023	15.792	14.24
1	2021-11-26 02:28:00	14.765	14.511	15.012	14.275
1	2021-11-26 02:29:00	14.394	14.147	14.592	14.259
1	2021-11-26 02:30:00	13.796	13.215	14.237	14.309
1	2021-11-26 02:31:00	12.555	11.877	13.21	14.327
1	2021-11-26 02:32:00	11.271	10.742	11.858	14.349
1	2021-11-26 02:33:00	10.265	9.8038	10.721	14.353
1	2021-11-26 02:34:00	9.3634	8.9336	9.7902	14.331
1	2021-11-26 02:35:00	8.5503	8.1623	8.9155	14.337
1	2021-11-26 02:36:00	7.7623	7.3603	8.1646	14.329
1	2021-11-26 02:37:00	6.9612	6.5798	7.3455	14.264
1	2021-11-26 02:38:00	6.2109	5.8596	6.5548	14.257
1	2021-11-26 02:39:00	5.5038	5.1655	5.8584	14.275
1	2021-11-26 02:40:00	4.8297	4.4941	5.1416	14.26
1	2021-11-26 02:41:00	4.2088	3.8999	4.477	14.249
1	2021-11-26 02:42:00	3.6326	3.3547	3.8954	14.287
1	2021-11-26 02:43:00	3.0936	2.8423	3.3342	14.31
1	2021-11-26 02:44:00	2.617	2.4027	2.8457	14.273
1	2021-11-26 02:45:00	2.201	2.0062	2.3959	14.242
1	2021-11-26 02:46:00	1.846	1.6881	2.0017	14.275
1	2021-11-26 02:47:00	1.5326	1.3632	1.687	14.283
1	2021-11-26 02:48:00	1.2387	1.0985	1.3893	14.261
1	2021-11-26 02:49:00	0.97406	0.8611	1.0928	14.249
1	2021-11-26 02:50:00	0.75933	0.67025	0.86337	14.335
1	2021-11-26 02:51:00	0.58813	0.51802	0.67479	14.337
1	2021-11-26 02:52:00	0.45333	0.39241	0.51689	14.268
1	2021-11-26 02:53:00	0.34588	0.30332	0.39533	14.271
1	2021-11-26 02:54:00	0.26498	0.23288	0.30332	14.285
1	2021-11-26 02:55:00	0.20314	0.17835	0.23288	14.297
1	2021-11-26 02:56:00	0.15588	0.13746	0.17835	14.238
1	2021-11-26 02:57:00	0.12019	0.10451	0.13632	14.28
1	2021-11-26 02:58:00	0.09162	0.079521	0.10338	14.299
1	2021-11-26 02:59:00	0.069392	0.060209	0.080657	14.288
1	2021-11-26 03:00:00	0.051727	0.044305	0.060209	14.288
1	2021-11-26 03:01:00	0.038681	0.032944	0.045441	14.249
1	2021-11-26 03:02:00	0.028571	0.023856	0.032944	14.249
1	2021-11-26 03:03:00	0.020789	0.01704	0.024992	14.275
1	2021-11-26 03:04:00	0.014711	0.010224	0.018176	14.246
1	2021-11-26 03:05:00	0.0099212	0.0079521	0.012496	14.236
1	2021-11-26 03:06:00	0.0060398	0.0034081	0.0079521	14.299
1	2021-11-26 03:07:00	0.0036921	0.002272	0.0056801	14.235
1	2021-11-26 03:08:00	0.00142	0	0.002272	14.291
1	2021-11-26 03:09:00	-0.00020827	-0.001136	0.001136	14.293
1	2021-11-26 03:10:00	-0.0015904	-0.0034081	-0.001136	14.243
1	2021-11-26 03:11:00	-0.0030483	-0.0045441	-0.001136	14.279
1	2021-11-26 03:12:00	-0.003995	-0.0056801	-0.002272	14.351
1	2021-11-26 03:13:00	-0.0046198	-0.0056801	-0.0034081	14.318
1	2021-11-26 03:14:00	-0.005131	-0.0068161	-0.0045441	14.36
1	2021-11-26 03:15:00	-0.0055286	-0.0068161	-0.0034081	14.314
1	2021-11-26 03:16:00	-0.0060588	-0.0079521	-0.0045441	14.318
1	2021-11-26 03:17:00	-0.0066646	-0.0068161	-0.0056801	14.285
1	2021-11-26 03:18:00	-0.0067404	-0.0068161	-0.0056801	14.263
1	2021-11-26 03:19:00	-0.006835	-0.0079521	-0.0068161	14.238
1	2021-11-26 03:20:00	-0.0068729	-0.0079521	-0.0068161	14.233
1	2021-11-26 03:21:00	-0.007119	-0.0079521	-0.0068161	14.311
1	2021-11-26 03:22:00	-0.0073273	-0.0079521	-0.0068161	14.264
1	2021-11-26 03:23:00	-0.0072137	-0.0079521	-0.0068161	14.227
1	2021-11-26 03:24:00	-0.0073652	-0.0079521	-0.0068161	14.196
1	2021-11-26 03:25:00	-0.0073462	-0.0079521	-0.0068161	14.26
1	2021-11-26 03:26:00	-0.007403	-0.0079521	-0.0068161	14.233
1	2021-11-26 03:27:00	-0.0075356	-0.0079521	-0.0068161	14.247
1	2021-11-26 03:28:00	-0.0074409	-0.0090881	-0.0068161	14.235
1	2021-11-26 03:29:00	-0.0075734	-0.0079521	-0.0068161	14.209
1	2021-11-26 03:30:00	-0.0075734	-0.0079521	-0.0068161	14.261
1	2021-11-26 03:31:00	-0.0075924	-0.0079521	-0.0068161	14.252
1	2021-11-26 03:32:00	-0.0076681	-0.0090881	-0.0056801	14.241
1	2021-11-26 03:33:00	-0.0076492	-0.0079521	-0.0068161	14.228
1	2021-11-26 03:34:00	-0.0078007	-0.0079521	-0.0068161	14.196
1	2021-11-26 03:35:00	-0.0077628	-0.0079521	-0.0068161	14.243
1	2021-11-26 03:36:00	-0.0078007	-0.0079521	-0.0068161	14.232
1	2021-11-26 03:37:00	-0.0077628	-0.0090881	-0.0068161	14.264
1	2021-11-26 03:38:00	-0.0078196	-0.0079521	-0.0068161	14.224
1	2021-11-26 03:39:00	-0.0077438	-0.0079521	-0.0068161	14.249
1	2021-11-26 03:40:00	-0.0076681	-0.0079521	-0.0068161	14.238
1	2021-11-26 03:41:00	-0.0077438	-0.0079521	-0.0068161	14.232
1	2021-11-26 03:42:00	-0.0077817	-0.0090881	-0.0068161	14.28
1	2021-11-26 03:43:00	-0.0076302	-0.0079521	-0.0068161	14.273
1	2021-11-26 03:44:00	-0.0077438	-0.0090881	-0.0068161	14.268
1	2021-11-26 03:45:00	-0.0076302	-0.0079521	-0.0068161	14.253
1	2021-11-26 03:46:00	-0.007706	-0.0079521	-0.0068161	14.222
1	2021-11-26 03:47:00	-0.0077439	-0.0090881	-0.0068161	14.216
1	2021-11-26 03:48:00	-0.0078575	-0.010224	-0.0068161	14.24
1	2021-11-26 03:49:00	-0.007706	-0.0079521	-0.0068161	14.227
1	2021-11-26 03:50:00	-0.0076492	-0.0079521	-0.0068161	14.212
1	2021-11-26 03:51:00	-0.0077439	-0.0090881	-0.0068161	14.24
1	2021-11-26 03:52:00	-0.007687	-0.0079521	-0.0068161	14.246
1	2021-11-26 03:53:00	-0.0077628	-0.0079521	-0.0068161	14.254
1	2021-11-26 03:54:00	-0.0078007	-0.0079521	-0.0068161	14.338
1	2021-11-26 03:55:00	-0.0075356	-0.0079521	-0.0056801	14.32
1	2021-11-26 03:56:00	-0.0077817	-0.0079521	-0.0068161	14.329
1	2021-11-26 03:57:00	-0.0076681	-0.0079521	-0.0068161	14.327
1	2021-11-26 03:58:00	-0.0077817	-0.0079521	-0.0068161	14.314
1	2021-11-26 03:59:00	-0.0076302	-0.0079521	-0.0068161	14.321
1	2021-11-26 04:00:00	-0.0074977	-0.0079521	-0.0068161	14.297
1	2021-11-26 04:01:00	-0.0076113	-0.0079521	-0.0068161	14.308
1	2021-11-26 04:02:00	-0.0074977	-0.0090881	-0.0068161	14.229
1	2021-11-26 04:03:00	-0.0076681	-0.0090881	-0.0068161	14.243
1	2021-11-26 04:04:00	-0.007403	-0.0079521	-0.0068161	14.276
1	2021-11-26 04:05:00	-0.0073084	-0.0079521	-0.0068161	14.282
1	2021-11-26 04:06:00	-0.007687	-0.0079521	-0.0068161	14.307
1	2021-11-26 04:07:00	-0.0074788	-0.0079521	-0.0068161	14.279
1	2021-11-26 04:08:00	-0.007687	-0.0079521	-0.0068161	14.269
1	2021-11-26 04:09:00	-0.0074977	-0.0079521	-0.0056801	14.256
1	2021-11-26 04:10:00	-0.0076302	-0.0090881	-0.0068161	14.242
1	2021-11-26 04:11:00	-0.0072705	-0.0079521	-0.0056801	14.264
1	2021-11-26 04:12:00	-0.0072137	-0.0079521	-0.0056801	14.251
1	2021-11-26 04:13:00	-0.0069865	-0.0079521	-0.0056801	14.327
1	2021-11-26 04:14:00	-0.0075924	-0.0079521	-0.0068161	14.286
1	2021-11-26 04:15:00	-0.0074788	-0.0090881	-0.0068161	14.261
1	2021-11-26 04:16:00	-0.0074788	-0.0079521	-0.0068161	14.31
1	2021-11-26 04:17:00	-0.0071077	-0.0079521	-0.0056801	14.319
1	2021-11-26 04:18:00	-0.0072137	-0.0079521	-0.0068161	14.261
1	2021-11-26 04:19:00	-0.0069486	-0.0079521	-0.0056801	14.282
1	2021-11-26 04:20:00	-0.0071569	-0.0079521	-0.0068161	14.285
1	2021-11-26 04:21:00	-0.0070622	-0.0079521	-0.0056801	14.303
1	2021-11-26 04:22:00	-0.0067404	-0.0079521	-0.0045441	14.243
1	2021-11-26 04:23:00	-0.0067782	-0.0079521	-0.0056801	14.293
1	2021-11-26 04:24:00	-0.0067593	-0.0079521	-0.0056801	14.289
1	2021-11-26 04:25:00	-0.0066268	-0.0079521	-0.0056801	14.232
1	2021-11-26 04:26:00	-0.0068161	-0.0079521	-0.0056801	14.312
1	2021-11-26 04:27:00	-0.006286	-0.0079521	-0.0056801	14.331
1	2021-11-26 04:28:00	-0.0062481	-0.0068161	-0.0056801	14.286
1	2021-11-26 04:29:00	-0.0060966	-0.0068161	-0.0056801	14.311
1	2021-11-26 04:30:00	-0.0063428	-0.0068161	-0.0056801	14.274
1	2021-11-26 04:31:00	-0.0063806	-0.0079521	-0.0056801	14.275
1	2021-11-26 04:32:00	-0.0069297	-0.0079521	-0.0056801	14.263
1	2021-11-26 04:33:00	-0.0072326	-0.0090881	-0.0056801	14.303
1	2021-11-26 04:34:00	-0.0068729	-0.0079521	-0.0056801	14.249
1	2021-11-26 04:35:00	-0.0071948	-0.0090881	-0.0056801	14.316
1	2021-11-26 04:36:00	-0.0069297	-0.0079521	-0.0056801	14.272
1	2021-11-26 04:37:00	-0.006854	-0.0079521	-0.0056801	14.295
1	2021-11-26 04:38:00	-0.0069676	-0.0079521	-0.0056801	14.261
1	2021-11-26 04:39:00	-0.0075734	-0.0079521	-0.0056801	14.272
1	2021-11-26 04:40:00	-0.007138	-0.0079521	-0.0056801	14.306
1	2021-11-26 04:41:00	-0.007422	-0.0079521	-0.0056801	14.308
1	2021-11-26 04:42:00	-0.0075545	-0.0090881	-0.0056801	14.282
1	2021-11-26 04:43:00	-0.0079143	-0.0090881	-0.0068161	14.296
1	2021-11-26 04:44:00	-0.0078385	-0.0079521	-0.0068161	14.291
1	2021-11-26 04:45:00	-0.0076113	-0.0079521	-0.0068161	14.27
1	2021-11-26 04:46:00	-0.0074977	-0.0079521	-0.0056801	14.29
1	2021-11-26 04:47:00	-0.0077249	-0.0079521	-0.0056801	14.307
1	2021-11-26 04:48:00	-0.0078385	-0.0090881	-0.0068161	14.299
1	2021-11-26 04:49:00	-0.0077817	-0.0090881	-0.0068161	14.353
1	2021-11-26 04:50:00	-0.0076113	-0.0079521	-0.0056801	14.329
1	2021-11-26 04:51:00	-0.0076302	-0.0079521	-0.0068161	14.39
1	2021-11-26 04:52:00	-0.0078575	-0.0079521	-0.0068161	14.34
1	2021-11-26 04:53:00	-0.0076113	-0.0090881	-0.0068161	14.317
1	2021-11-26 04:54:00	-0.0078953	-0.0090881	-0.0056801	14.314
1	2021-11-26 04:55:00	-0.0076681	-0.0090881	-0.0068161	14.299
1	2021-11-26 04:56:00	-0.0074788	-0.0079521	-0.0068161	14.285
1	2021-11-26 04:57:00	-0.0078385	-0.0079521	-0.0068161	14.305
1	2021-11-26 04:58:00	-0.0078575	-0.0079521	-0.0068161	14.294
1	2021-11-26 04:59:00	-0.0079143	-0.0090881	-0.0068161	14.325
1	2021-11-26 05:00:00	-0.0070812	-0.0079521	-0.0056801	14.306
1	2021-11-26 05:01:00	-0.0078007	-0.0079521	-0.0068161	14.275
1	2021-11-26 05:02:00	-0.0078575	-0.0090881	-0.0068161	14.274
1	2021-11-26 05:03:00	-0.0074409	-0.0079521	-0.0056801	14.229
1	2021-11-26 05:04:00	-0.0075924	-0.0079521	-0.0056801	14.292
1	2021-11-26 05:05:00	-0.0076492	-0.0079521	-0.0068161	14.26
1	2021-11-26 05:06:00	-0.0076302	-0.0079521	-0.0056801	14.238
1	2021-11-26 05:07:00	-0.0076113	-0.0079521	-0.0045441	14.235
1	2021-11-26 05:08:00	-0.0076492	-0.0079521	-0.0068161	14.27
1	2021-11-26 05:09:00	-0.007403	-0.0079521	-0.0056801	14.274
1	2021-11-26 05:10:00	-0.0077817	-0.0079521	-0.0068161	14.251
1	2021-11-26 05:11:00	-0.0074977	-0.0079521	-0.0056801	14.253
1	2021-11-26 05:12:00	-0.0078007	-0.0079521	-0.0068161	14.251
1	2021-11-26 05:13:00	-0.0078953	-0.0090881	-0.0068161	14.275
1	2021-11-26 05:14:00	-0.0078764	-0.0090881	-0.0068161	14.254
1	2021-11-26 05:15:00	-0.0077628	-0.0079521	-0.0068161	14.279
1	2021-11-26 05:16:00	-0.0077817	-0.0079521	-0.0068161	14.261
1	2021-11-26 05:17:00	-0.0078196	-0.0090881	-0.0068161	14.221
1	2021-11-26 05:18:00	-0.0078385	-0.0079521	-0.0068161	14.227
1	2021-11-26 05:19:00	-0.0078385	-0.0090881	-0.0068161	14.218
1	2021-11-26 05:20:00	-0.0078196	-0.0079521	-0.0068161	14.275
1	2021-11-26 05:21:00	-0.0074788	-0.0079521	-0.0068161	14.264
1	2021-11-26 05:22:00	-0.0075545	-0.0079521	-0.0056801	14.264
1	2021-11-26 05:23:00	-0.0076681	-0.0079521	-0.0056801	14.266
1	2021-11-26 05:24:00	-0.007403	-0.0079521	-0.0056801	14.288
1	2021-11-26 05:25:00	-0.0077249	-0.0079521	-0.0068161	14.269
1	2021-11-26 05:26:00	-0.0077817	-0.0079521	-0.0068161	14.29
1	2021-11-26 05:27:00	-0.0076492	-0.0079521	-0.0068161	14.273
1	2021-11-26 05:28:00	-0.0073462	-0.0079521	-0.0056801	14.244
1	2021-11-26 05:29:00	-0.0072894	-0.0079521	-0.0056801	14.298
1	2021-11-26 05:30:00	-0.0072894	-0.0079521	-0.0056801	14.28
1	2021-11-26 05:31:00	-0.0071001	-0.0079521	-0.0056801	14.265
1	2021-11-26 05:32:00	-0.0072516	-0.0079521	-0.0056801	14.243
1	2021-11-26 05:33:00	-0.0074977	-0.0079521	-0.0068161	14.252
1	2021-11-26 05:34:00	-0.0073462	-0.0079521	-0.0056801	14.275
1	2021-11-26 05:35:00	-0.0070433	-0.0079521	-0.0056801	14.294
1	2021-11-26 05:36:00	-0.007403	-0.0090881	-0.0056801	14.252
1	2021-11-26 05:37:00	-0.007687	-0.0079521	-0.0068161	14.276
1	2021-11-26 05:38:00	-0.0073084	-0.0079521	-0.0056801	14.285
1	2021-11-26 05:39:00	-0.0076492	-0.0079521	-0.0068161	14.299
1	2021-11-26 05:40:00	-0.0073273	-0.0079521	-0.0056801	14.298
1	2021-11-26 05:41:00	-0.0077817	-0.0079521	-0.0068161	14.296
1	2021-11-26 05:42:00	-0.0067404	-0.0079521	-0.0056801	14.292
1	2021-11-26 05:43:00	-0.007687	-0.0079521	-0.0068161	14.268
1	2021-11-26 05:44:00	-0.0068918	-0.0079521	-0.0056801	14.262
1	2021-11-26 05:45:00	-0.0072894	-0.0079521	-0.0056801	14.249
1	2021-11-26 05:46:00	-0.0069865	-0.0079521	-0.0056801	14.339
1	2021-11-26 05:47:00	-0.0073273	-0.0079521	-0.0056801	14.365
1	2021-11-26 05:48:00	-0.0070433	-0.0079521	-0.0056801	14.341
1	2021-11-26 05:49:00	-0.0075924	-0.0079521	-0.0068161	14.391
1	2021-11-26 05:50:00	-0.0077438	-0.0079521	-0.0068161	14.379
1	2021-11-26 05:51:00	-0.0076113	-0.0079521	-0.0068161	14.348
1	2021-11-26 05:52:00	-0.0077817	-0.0079521	-0.0068161	14.301
1	2021-11-26 05:53:00	-0.0073841	-0.0079521	-0.0056801	14.325
1	2021-11-26 05:54:00	-0.007119	-0.0079521	-0.0056801	14.319
1	2021-11-26 05:55:00	-0.0074598	-0.0079521	-0.0068161	14.314
1	2021-11-26 05:56:00	-0.0074598	-0.0079521	-0.0056801	14.272
1	2021-11-26 05:57:00	-0.0076302	-0.0079521	-0.0056801	14.293
1	2021-11-26 05:58:00	-0.0068729	-0.0079521	-0.0056801	14.321
1	2021-11-26 05:59:00	-0.0073084	-0.0079521	-0.0056801	14.305
1	2021-11-26 06:00:00	-0.007706	-0.0079521	-0.0068161	14.264
1	2021-11-26 06:01:00	-0.0075924	-0.0079521	-0.0056801	14.303
1	2021-11-26 06:02:00	-0.0070244	-0.0079521	-0.0056801	14.282
1	2021-11-26 06:03:00	-0.0074409	-0.0079521	-0.0056801	14.288
1	2021-11-26 06:04:00	-0.0070433	-0.0079521	-0.0056801	14.302
1	2021-11-26 06:05:00	-0.0074788	-0.0079521	-0.0056801	14.303
1	2021-11-26 06:06:00	-0.0072516	-0.0079521	-0.0056801	14.247
1	2021-11-26 06:07:00	-0.0073841	-0.0090881	-0.0056801	14.265
1	2021-11-26 06:08:00	-0.0071758	-0.0079521	-0.0056801	14.249
1	2021-11-26 06:09:00	-0.0079332	-0.0079521	-0.0068161	14.286
1	2021-11-26 06:10:00	-0.0079143	-0.0079521	-0.0068161	14.257
1	2021-11-26 06:11:00	-0.00799	-0.0090881	-0.0079521	14.252
1	2021-11-26 06:12:00	-0.0069297	-0.0079521	-0.0056801	14.282
1	2021-11-26 06:13:00	-0.007403	-0.0079521	-0.0056801	14.337
1	2021-11-26 06:14:00	-0.0079143	-0.0079521	-0.0068161	14.237
1	2021-11-26 06:15:00	-0.0079521	-0.0079521	-0.0079521	14.293
1	2021-11-26 06:16:00	-0.0076681	-0.0079521	-0.0068161	14.237
1	2021-11-26 06:17:00	-0.0078953	-0.0090881	-0.0068161	14.327
1	2021-11-26 06:18:00	-0.0078953	-0.0079521	-0.0068161	14.227
1	2021-11-26 06:19:00	-0.0078764	-0.0079521	-0.0068161	14.258
1	2021-11-26 06:20:00	-0.0079521	-0.0090881	-0.0068161	14.29
1	2021-11-26 06:21:00	-0.0079332	-0.0090881	-0.0068161	14.307
1	2021-11-26 06:22:00	-0.0079711	-0.0090881	-0.0079521	14.26
1	2021-11-26 06:23:00	-0.0079521	-0.0079521	-0.0079521	14.227
1	2021-11-26 06:24:00	-0.0076492	-0.0079521	-0.0068161	14.276
1	2021-11-26 06:25:00	-0.00799	-0.0090881	-0.0079521	14.279
1	2021-11-26 06:26:00	-0.0079521	-0.0079521	-0.0079521	14.31
1	2021-11-26 06:27:00	-0.0076681	-0.0090881	-0.0068161	14.281
1	2021-11-26 06:28:00	-0.0079521	-0.0090881	-0.0068161	14.3
1	2021-11-26 06:29:00	-0.0080089	-0.0090881	-0.0079521	14.29
1	2021-11-26 06:30:00	-0.0079332	-0.0079521	-0.0068161	14.288
1	2021-11-26 06:31:00	-0.007687	-0.0079521	-0.0068161	14.285
1	2021-11-26 06:32:00	-0.0079332	-0.0079521	-0.0068161	14.352
1	2021-11-26 06:33:00	-0.0079521	-0.0079521	-0.0079521	14.328
1	2021-11-26 06:34:00	-0.00799	-0.0090881	-0.0068161	14.252
1	2021-11-26 06:35:00	-0.0074977	-0.0079521	-0.0068161	14.264
1	2021-11-26 06:36:00	-0.0073462	-0.0090881	-0.0056801	14.301
1	2021-11-26 06:37:00	-0.0070244	-0.0079521	-0.0056801	14.325
1	2021-11-26 06:38:00	-0.0070812	-0.0079521	-0.0068161	14.316
1	2021-11-26 06:39:00	-0.007119	-0.0079521	-0.0068161	14.375
1	2021-11-26 06:40:00	-0.0072516	-0.0079521	-0.0068161	14.288
1	2021-11-26 06:41:00	-0.0073462	-0.0079521	-0.0068161	14.341
1	2021-11-26 06:42:00	-0.0072894	-0.0079521	-0.0068161	14.333
1	2021-11-26 06:43:00	-0.0068918	-0.0079521	-0.0068161	14.34
1	2021-11-26 06:44:00	-0.0068918	-0.0079521	-0.0068161	14.252
1	2021-11-26 06:45:00	-0.0068729	-0.0079521	-0.0068161	14.267
1	2021-11-26 06:46:00	-0.0068161	-0.0068161	-0.0068161	14.289
1	2021-11-26 06:47:00	-0.0068161	-0.0068161	-0.0068161	14.269
1	2021-11-26 06:48:00	-0.006854	-0.0079521	-0.0068161	14.262
1	2021-11-26 06:49:00	-0.006854	-0.0079521	-0.0068161	14.228
1	2021-11-26 06:50:00	-0.006835	-0.0079521	-0.0056801	14.29
1	2021-11-26 06:51:00	-0.0068918	-0.0079521	-0.0068161	14.263
1	2021-11-26 06:52:00	-0.0072326	-0.0079521	-0.0068161	14.274
1	2021-11-26 06:53:00	-0.0073084	-0.0079521	-0.0068161	14.269
1	2021-11-26 06:54:00	-0.0076302	-0.0079521	-0.0068161	14.264
1	2021-11-26 06:55:00	-0.0077249	-0.0079521	-0.0068161	14.298
1	2021-11-26 06:56:00	-0.0075166	-0.0079521	-0.0068161	14.284
1	2021-11-26 06:57:00	-0.0075166	-0.0079521	-0.0068161	14.276
1	2021-11-26 06:58:00	-0.0076302	-0.0079521	-0.0068161	14.266
1	2021-11-26 06:59:00	-0.0078764	-0.0079521	-0.0068161	14.308
1	2021-11-26 07:00:00	-0.0078007	-0.0079521	-0.0068161	14.27
1	2021-11-26 07:01:00	-0.0078953	-0.0090881	-0.0068161	14.279
1	2021-11-26 07:02:00	-0.0079521	-0.0079521	-0.0079521	14.251
1	2021-11-26 07:03:00	-0.0078196	-0.0079521	-0.0068161	14.321
1	2021-11-26 07:04:00	-0.0078953	-0.0079521	-0.0068161	14.234
1	2021-11-26 07:05:00	-0.0078385	-0.0079521	-0.0068161	14.3
1	2021-11-26 07:06:00	-0.0078385	-0.0079521	-0.0068161	14.269
1	2021-11-26 07:07:00	-0.0078007	-0.0090881	-0.0056801	14.293
1	2021-11-26 07:08:00	-0.0079521	-0.0090881	-0.0068161	14.294
1	2021-11-26 07:09:00	-0.0079521	-0.0079521	-0.0079521	14.278
1	2021-11-26 07:10:00	-0.0079521	-0.0079521	-0.0079521	14.28
1	2021-11-26 07:11:00	-0.0079143	-0.0079521	-0.0068161	14.281
1	2021-11-26 07:12:00	-0.0078764	-0.0079521	-0.0068161	14.285
1	2021-11-26 07:13:00	-0.0078953	-0.0079521	-0.0068161	14.29
1	2021-11-26 07:14:00	-0.0079521	-0.0079521	-0.0079521	14.293
1	2021-11-26 07:15:00	-0.0079332	-0.0079521	-0.0068161	14.286
1	2021-11-26 07:16:00	-0.0079521	-0.0079521	-0.0079521	14.275
1	2021-11-26 07:17:00	-0.0079521	-0.0079521	-0.0079521	14.303
1	2021-11-26 07:18:00	-0.0079711	-0.0090881	-0.0079521	14.295
1	2021-11-26 07:19:00	-0.0079332	-0.0079521	-0.0068161	14.294
1	2021-11-26 07:20:00	-0.0079143	-0.0079521	-0.0068161	14.358
1	2021-11-26 07:21:00	-0.0076681	-0.0079521	-0.0068161	14.345
1	2021-11-26 07:22:00	-0.0079521	-0.0079521	-0.0079521	14.369
1	2021-11-26 07:23:00	-0.0079521	-0.0090881	-0.0068161	14.342
1	2021-11-26 07:24:00	-0.0079332	-0.0079521	-0.0068161	14.318
1	2021-11-26 07:25:00	-0.0079711	-0.0090881	-0.0079521	14.302
1	2021-11-26 07:26:00	-0.0079332	-0.0079521	-0.0068161	14.285
1	2021-11-26 07:27:00	-0.0079521	-0.0079521	-0.0079521	14.309
1	2021-11-26 07:28:00	-0.0079521	-0.0079521	-0.0079521	14.278
1	2021-11-26 07:29:00	-0.0079521	-0.0079521	-0.0079521	14.299
1	2021-11-26 07:30:00	-0.0076871	-0.0079521	-0.0068161	14.264
1	2021-11-26 07:31:00	-0.0079711	-0.0090881	-0.0079521	14.268
1	2021-11-26 07:32:00	-0.007422	-0.0090881	-0.0068161	14.296
1	2021-11-26 07:33:00	-0.0072516	-0.0079521	-0.0068161	14.264
1	2021-11-26 07:34:00	-0.0072705	-0.0079521	-0.0068161	14.306
1	2021-11-26 07:35:00	-0.007403	-0.0090881	-0.0056801	14.278
1	2021-11-26 07:36:00	-0.0073652	-0.0079521	-0.0068161	14.242
1	2021-11-26 07:37:00	-0.0075166	-0.0079521	-0.0056801	14.228
1	2021-11-26 07:38:00	-0.007403	-0.0079521	-0.0068161	14.282
1	2021-11-26 07:39:00	-0.0071001	-0.0079521	-0.0068161	14.286
1	2021-11-26 07:40:00	-0.0071001	-0.0079521	-0.0056801	14.264
1	2021-11-26 07:41:00	-0.007119	-0.0079521	-0.0068161	14.247
1	2021-11-26 07:42:00	-0.007119	-0.0079521	-0.0068161	14.272
1	2021-11-26 07:43:00	-0.007138	-0.0090881	-0.0068161	14.222
1	2021-11-26 07:44:00	-0.0068161	-0.0068161	-0.0068161	14.282
1	2021-11-26 07:45:00	-0.0068918	-0.0079521	-0.0068161	14.304
1	2021-11-26 07:46:00	-0.0068729	-0.0079521	-0.0068161	14.266
1	2021-11-26 07:47:00	-0.0068729	-0.0079521	-0.0068161	14.294
1	2021-11-26 07:48:00	-0.0071001	-0.0079521	-0.0068161	14.311
1	2021-11-26 07:49:00	-0.0068161	-0.0068161	-0.0068161	14.292
1	2021-11-26 07:50:00	-0.006835	-0.0079521	-0.0068161	14.271
1	2021-11-26 07:51:00	-0.0069297	-0.0079521	-0.0068161	14.266
1	2021-11-26 07:52:00	-0.0071001	-0.0079521	-0.0056801	14.288
1	2021-11-26 07:53:00	-0.0073273	-0.0090881	-0.0068161	14.285
1	2021-11-26 07:54:00	-0.0071758	-0.0079521	-0.0068161	14.291
1	2021-11-26 07:55:00	-0.0068918	-0.0079521	-0.0068161	14.295
1	2021-11-26 07:56:00	-0.0071758	-0.0079521	-0.0068161	14.316
1	2021-11-26 07:57:00	-0.0068918	-0.0079521	-0.0068161	14.301
1	2021-11-26 07:58:00	-0.0069297	-0.0079521	-0.0068161	14.234
1	2021-11-26 07:59:00	-0.0068729	-0.0079521	-0.0068161	14.291
1	2021-11-26 08:00:00	-0.0071001	-0.0079521	-0.0068161	14.305
1	2021-11-26 08:01:00	-0.0072326	-0.0079521	-0.0068161	14.261
1	2021-11-26 08:02:00	-0.0074409	-0.0079521	-0.0068161	14.264
1	2021-11-26 08:03:00	-0.0071948	-0.0079521	-0.0056801	14.35
1	2021-11-26 08:04:00	-0.0074409	-0.0090881	-0.0068161	14.317
1	2021-11-26 08:05:00	-0.0070622	-0.0079521	-0.0068161	14.32
1	2021-11-26 08:06:00	-0.007138	-0.0079521	-0.0068161	14.348
1	2021-11-26 08:07:00	-0.007119	-0.0079521	-0.0068161	14.379
1	2021-11-26 08:08:00	-0.0076681	-0.0090881	-0.0068161	14.335
1	2021-11-26 08:09:00	-0.0073462	-0.0090881	-0.0068161	14.308
1	2021-11-26 08:10:00	-0.0076113	-0.0090881	-0.0068161	14.287
1	2021-11-26 08:11:00	-0.0072326	-0.0079521	-0.0068161	14.264
1	2021-11-26 08:12:00	-0.007403	-0.0079521	-0.0068161	14.271
1	2021-11-26 08:13:00	-0.0075734	-0.0090881	-0.0068161	14.254
1	2021-11-26 08:14:00	-0.0075924	-0.0090881	-0.0068161	14.274
1	2021-11-26 08:15:00	-0.0074409	-0.0090881	-0.0056801	14.272
1	2021-11-26 08:16:00	-0.0072894	-0.0090881	-0.0068161	14.28
1	2021-11-26 08:17:00	-0.0075356	-0.0090881	-0.0068161	14.257
1	2021-11-26 08:18:00	-0.0072326	-0.0079521	-0.0068161	14.278
1	2021-11-26 08:19:00	-0.0073273	-0.0090881	-0.0068161	14.285
1	2021-11-26 08:20:00	-0.007422	-0.0079521	-0.0068161	14.285
1	2021-11-26 08:21:00	-0.0081415	-0.0090881	-0.0068161	14.268
1	2021-11-26 08:22:00	-0.0082929	-0.0090881	-0.0068161	14.283
1	2021-11-26 08:23:00	-0.0077249	-0.0090881	-0.0068161	14.254
1	2021-11-26 08:24:00	-0.0076302	-0.0090881	-0.0068161	14.243
1	2021-11-26 08:25:00	-0.0078385	-0.0090881	-0.0068161	14.257
1	2021-11-26 08:26:00	-0.0075356	-0.0090881	-0.0068161	14.269
1	2021-11-26 08:27:00	-0.0074977	-0.0090881	-0.0068161	14.294
1	2021-11-26 08:28:00	-0.0077249	-0.0090881	-0.0068161	14.294
1	2021-11-26 08:29:00	-0.0075166	-0.0090881	-0.0068161	14.271
1	2021-11-26 08:30:00	-0.0079332	-0.0090881	-0.0068161	14.257
1	2021-11-26 08:31:00	-0.0075734	-0.0090881	-0.0068161	14.285
1	2021-11-26 08:32:00	-0.008274	-0.0090881	-0.0068161	14.279
1	2021-11-26 08:33:00	-0.008558	-0.0090881	-0.0079521	14.247
1	2021-11-26 08:34:00	-0.007687	-0.0090881	-0.0068161	14.282
1	2021-11-26 08:35:00	-0.0081604	-0.0090881	-0.0079521	14.235
1	2021-11-26 08:36:00	-0.0085391	-0.0090881	-0.0079521	14.285
1	2021-11-26 08:37:00	-0.008274	-0.0090881	-0.0079521	14.29
1	2021-11-26 08:38:00	-0.0084065	-0.0090881	-0.0079521	14.268
1	2021-11-26 08:39:00	-0.0079332	-0.0090881	-0.0068161	14.294
1	2021-11-26 08:40:00	-0.0080468	-0.0090881	-0.0068161	14.232
1	2021-11-26 08:41:00	-0.00799	-0.0090881	-0.0068161	14.334
1	2021-11-26 08:42:00	-0.007687	-0.0090881	-0.0068161	14.353
1	2021-11-26 08:43:00	-0.0077628	-0.0090881	-0.0068161	14.316
1	2021-11-26 08:44:00	-0.0082361	-0.0090881	-0.0079521	14.342
1	2021-11-26 08:45:00	-0.0078764	-0.0090881	-0.0068161	14.342
1	2021-11-26 08:46:00	-0.0077628	-0.0090881	-0.0068161	14.413
1	2021-11-26 08:47:00	-0.0081604	-0.0090881	-0.0068161	14.384
1	2021-11-26 08:48:00	-0.0085391	-0.0090881	-0.0079521	14.336
1	2021-11-26 08:49:00	-0.0087095	-0.0090881	-0.0079521	14.327
1	2021-11-26 08:50:00	-0.0087095	-0.0090881	-0.0079521	14.393
1	2021-11-26 08:51:00	-0.0084823	-0.0090881	-0.0079521	14.342
1	2021-11-26 08:52:00	-0.0083876	-0.0090881	-0.0079521	14.248
1	2021-11-26 08:53:00	-0.0083308	-0.0090881	-0.0079521	14.294
1	2021-11-26 08:54:00	-0.0077439	-0.0090881	-0.0068161	14.249
1	2021-11-26 08:55:00	-0.0084823	-0.0090881	-0.0079521	14.278
1	2021-11-26 08:56:00	-0.0082361	-0.0090881	-0.0068161	14.285
1	2021-11-26 08:57:00	-0.0078953	-0.0090881	-0.0068161	14.285
1	2021-11-26 08:58:00	-0.0082361	-0.0090881	-0.0079521	14.251
1	2021-11-26 08:59:00	-0.0081793	-0.0090881	-0.0079521	14.262
1	2021-11-26 09:00:00	-0.0079711	-0.0090881	-0.0068161	14.276
1	2021-11-26 09:01:00	-0.0082929	-0.0090881	-0.0079521	14.272
1	2021-11-26 09:02:00	-0.0085391	-0.0090881	-0.0079521	14.29
1	2021-11-26 09:03:00	-0.008558	-0.0090881	-0.0079521	14.258
1	2021-11-26 09:04:00	-0.0086905	-0.0090881	-0.0079521	14.277
1	2021-11-26 09:05:00	-0.0087852	-0.0090881	-0.0079521	14.283
1	2021-11-26 09:06:00	-0.0087284	-0.0090881	-0.0079521	14.261
1	2021-11-26 09:07:00	-0.0087473	-0.0090881	-0.0079521	14.259
1	2021-11-26 09:08:00	-0.0087284	-0.0090881	-0.0079521	14.283
1	2021-11-26 09:09:00	-0.0086148	-0.0090881	-0.0079521	14.28
1	2021-11-26 09:10:00	-0.0084444	-0.0090881	-0.0079521	14.27
1	2021-11-26 09:11:00	-0.0085201	-0.0090881	-0.0079521	14.291
1	2021-11-26 09:12:00	-0.0086337	-0.0090881	-0.0079521	14.257
1	2021-11-26 09:13:00	-0.0087473	-0.0090881	-0.0079521	14.264
1	2021-11-26 09:14:00	-0.0088799	-0.0090881	-0.0079521	14.239
1	2021-11-26 09:15:00	-0.0088988	-0.0090881	-0.0079521	14.275
1	2021-11-26 09:16:00	-0.0089935	-0.0090881	-0.0079521	14.31
1	2021-11-26 09:17:00	-0.0086905	-0.0090881	-0.0068161	14.268
1	2021-11-26 09:18:00	-0.0090313	-0.0090881	-0.0079521	14.28
1	2021-11-26 09:19:00	-0.0090124	-0.0090881	-0.0079521	14.298
1	2021-11-26 09:20:00	-0.0088988	-0.0090881	-0.0079521	14.252
1	2021-11-26 09:21:00	-0.0087284	-0.0090881	-0.0079521	14.305
1	2021-11-26 09:22:00	-0.0087473	-0.0090881	-0.0079521	14.374
1	2021-11-26 09:23:00	-0.0089367	-0.0090881	-0.0079521	14.299
1	2021-11-26 09:24:00	-0.0089709	-0.0090881	-0.0079521	14.313
1	2021-11-26 09:25:00	-0.0089177	-0.0090881	-0.0079521	14.354
1	2021-11-26 09:26:00	-0.0087663	-0.0090881	-0.0079521	14.302
1	2021-11-26 09:27:00	-0.0088609	-0.0090881	-0.0079521	14.343
1	2021-11-26 09:28:00	-0.0087284	-0.0090881	-0.0079521	14.337
1	2021-11-26 09:29:00	-0.0087852	-0.0090881	-0.0079521	14.283
1	2021-11-26 09:30:00	-0.008842	-0.0090881	-0.0079521	14.237
1	2021-11-26 09:31:00	-0.0088609	-0.0090881	-0.0079521	14.3
1	2021-11-26 09:32:00	-0.0084444	-0.0090881	-0.0079521	14.216
1	2021-11-26 09:33:00	-0.0081793	-0.0090881	-0.0068161	14.259
1	2021-11-26 09:34:00	-0.0078575	-0.0090881	-0.0068161	14.259
1	2021-11-26 09:35:00	-0.0077817	-0.0090881	-0.0068161	14.217
1	2021-11-26 09:36:00	-0.0078007	-0.0090881	-0.0068161	14.285
1	2021-11-26 09:37:00	-0.0073462	-0.0079521	-0.0068161	14.311
1	2021-11-26 09:38:00	-0.0068918	-0.0079521	-0.0068161	14.308
1	2021-11-26 09:39:00	-0.0072326	-0.0090881	-0.0068161	14.301
1	2021-11-26 09:40:00	-0.0075356	-0.0090881	-0.0068161	14.282
1	2021-11-26 09:41:00	-0.0071758	-0.0090881	-0.0068161	14.292
1	2021-11-26 09:42:00	-0.007422	-0.0090881	-0.0068161	14.319
1	2021-11-26 09:43:00	-0.007138	-0.0090881	-0.0068161	14.277
1	2021-11-26 09:44:00	-0.007706	-0.0090881	-0.0068161	14.305
1	2021-11-26 09:45:00	-0.0081225	-0.0090881	-0.0068161	14.256
1	2021-11-26 09:46:00	-0.0072894	-0.0090881	-0.0068161	14.277
1	2021-11-26 09:47:00	-0.0078006	-0.0090881	-0.0068161	14.301
1	2021-11-26 09:48:00	-0.0075166	-0.0090881	-0.0068161	14.28
1	2021-11-26 09:49:00	-0.0074788	-0.0090881	-0.0068161	14.254
1	2021-11-26 09:50:00	-0.0076113	-0.0090881	-0.0068161	14.268
1	2021-11-26 09:51:00	-0.0072326	-0.0079521	-0.0068161	14.269
1	2021-11-26 09:52:00	-0.0069865	-0.0079521	-0.0068161	14.312
1	2021-11-26 09:53:00	-0.0068918	-0.0079521	-0.0068161	14.273
1	2021-11-26 09:54:00	-0.0073652	-0.0090881	-0.0068161	14.289
1	2021-11-26 09:55:00	-0.0075356	-0.0090881	-0.0068161	14.29
1	2021-11-26 09:56:00	-0.0072326	-0.0079521	-0.0068161	14.271
1	2021-11-26 09:57:00	-0.0075734	-0.0090881	-0.0068161	14.271
1	2021-11-26 09:58:00	-0.0072326	-0.0090881	-0.0068161	14.285
1	2021-11-26 09:59:00	-0.007403	-0.0090881	-0.0068161	14.297
1	2021-11-26 10:00:00	-0.0078196	-0.0090881	-0.0068161	14.277
1	2021-11-26 10:01:00	-0.0073652	-0.0090881	-0.0068161	14.263
1	2021-11-26 10:02:00	-0.0076113	-0.0090881	-0.0068161	14.322
1	2021-11-26 10:03:00	-0.0079711	-0.0090881	-0.0068161	14.263
1	2021-11-26 10:04:00	-0.0074788	-0.0090881	-0.0068161	14.249
1	2021-11-26 10:05:00	-0.0070622	-0.0079521	-0.0068161	14.25
1	2021-11-26 10:06:00	-0.0075734	-0.0090881	-0.0068161	14.273
1	2021-11-26 10:07:00	-0.0071001	-0.0079521	-0.0068161	14.302
1	2021-11-26 10:08:00	-0.007403	-0.0090881	-0.0068161	14.28
1	2021-11-26 10:09:00	-0.00799	-0.0090881	-0.0079521	14.348
1	2021-11-26 10:10:00	-0.0072516	-0.0079521	-0.0068161	14.334
1	2021-11-26 10:11:00	-0.0075734	-0.0090881	-0.0068161	14.343
1	2021-11-26 10:12:00	-0.0075166	-0.0090881	-0.0068161	14.368
1	2021-11-26 10:13:00	-0.0074977	-0.0090881	-0.0068161	14.337
1	2021-11-26 10:14:00	-0.0075166	-0.0079521	-0.0068161	14.349
1	2021-11-26 10:15:00	-0.0075545	-0.0079521	-0.0068161	14.28
1	2021-11-26 10:16:00	-0.0078953	-0.0090881	-0.0068161	14.288
1	2021-11-26 10:17:00	-0.0078953	-0.0090881	-0.0068161	14.228
1	2021-11-26 10:18:00	-0.0077249	-0.0090881	-0.0068161	14.294
1	2021-11-26 10:19:00	-0.0078196	-0.0090881	-0.0068161	14.291
1	2021-11-26 10:20:00	-0.0076492	-0.0079521	-0.0068161	14.249
1	2021-11-26 10:21:00	-0.007706	-0.0090881	-0.0068161	14.26
1	2021-11-26 10:22:00	-0.0075734	-0.0079521	-0.0068161	14.266
1	2021-11-26 10:23:00	-0.0078385	-0.0090881	-0.0068161	14.302
1	2021-11-26 10:24:00	-0.0076113	-0.0079521	-0.0068161	14.271
1	2021-11-26 10:25:00	-0.0079521	-0.0090881	-0.0068161	14.283
1	2021-11-26 10:26:00	-0.0078953	-0.0090881	-0.0068161	14.299
1	2021-11-26 10:27:00	-0.0081036	-0.0090881	-0.0068161	14.277
1	2021-11-26 10:28:00	-0.0080089	-0.0090881	-0.0068161	14.239
1	2021-11-26 10:29:00	-0.007403	-0.0079521	-0.0068161	14.275
1	2021-11-26 10:30:00	-0.0075545	-0.0090881	-0.0068161	14.285
1	2021-11-26 10:31:00	-0.0077438	-0.0090881	-0.0068161	14.305
1	2021-11-26 10:32:00	-0.0081793	-0.0090881	-0.0068161	14.309
1	2021-11-26 10:33:00	-0.0077628	-0.0090881	-0.0068161	14.362
1	2021-11-26 10:34:00	-0.0078575	-0.0090881	-0.0068161	14.332
1	2021-11-26 10:35:00	-0.0076302	-0.0079521	-0.0068161	14.3
1	2021-11-26 10:36:00	-0.0075166	-0.0079521	-0.0068161	14.28
1	2021-11-26 10:37:00	-0.0077817	-0.0090881	-0.0068161	14.302
1	2021-11-26 10:38:00	-0.00799	-0.0090881	-0.0068161	14.243
1	2021-11-26 10:39:00	-0.007706	-0.0079521	-0.0068161	14.291
1	2021-11-26 10:40:00	-0.007706	-0.0079521	-0.0068161	14.284
1	2021-11-26 10:41:00	-0.0078575	-0.0079521	-0.0068161	14.302
1	2021-11-26 10:42:00	-0.0078007	-0.0079521	-0.0068161	14.268
1	2021-11-26 10:43:00	-0.0078196	-0.0079521	-0.0068161	14.309
1	2021-11-26 10:44:00	-0.0080279	-0.0090881	-0.0068161	14.273
1	2021-11-26 10:45:00	-0.0080847	-0.0090881	-0.0079521	14.27
1	2021-11-26 10:46:00	-0.0078575	-0.0079521	-0.0068161	14.29
1	2021-11-26 10:47:00	-0.0080847	-0.0090881	-0.0068161	14.29
1	2021-11-26 10:48:00	-0.0076113	-0.0079521	-0.0068161	14.303
1	2021-11-26 10:49:00	-0.0082361	-0.0090881	-0.0068161	14.327
1	2021-11-26 10:50:00	-0.0076492	-0.0079521	-0.0068161	14.319
1	2021-11-26 10:51:00	-0.0078196	-0.0090881	-0.0068161	14.329
1	2021-11-26 10:52:00	-0.007687	-0.0090881	-0.0068161	14.333
1	2021-11-26 10:53:00	-0.007706	-0.0090881	-0.0068161	14.323
1	2021-11-26 10:54:00	-0.0074788	-0.0079521	-0.0068161	14.336
1	2021-11-26 10:55:00	-0.0075734	-0.0090881	-0.0068161	14.258
1	2021-11-26 10:56:00	-0.0076681	-0.0090881	-0.0068161	14.282
1	2021-11-26 10:57:00	-0.0077817	-0.0090881	-0.0068161	14.301
1	2021-11-26 10:58:00	-0.0081036	-0.0090881	-0.0068161	14.269
1	2021-11-26 10:59:00	-0.00799	-0.0090881	-0.0068161	14.29
1	2021-11-26 11:00:00	-0.0082551	-0.0090881	-0.0068161	14.312
1	2021-11-26 11:01:00	-0.00799	-0.0090881	-0.0068161	14.301
1	2021-11-26 11:02:00	-0.0078575	-0.0090881	-0.0068161	14.278
1	2021-11-26 11:03:00	-0.0079711	-0.0090881	-0.0068161	14.299
1	2021-11-26 11:04:00	-0.0078575	-0.0090881	-0.0068161	14.287
1	2021-11-26 11:05:00	-0.0079143	-0.0090881	-0.0068161	14.304
1	2021-11-26 11:06:00	-0.0078575	-0.0090881	-0.0068161	14.298
1	2021-11-26 11:07:00	-0.0080468	-0.0090881	-0.0068161	14.25
1	2021-11-26 11:08:00	-0.007706	-0.0079521	-0.0068161	14.295
1	2021-11-26 11:09:00	-0.0078385	-0.0079521	-0.0068161	14.299
1	2021-11-26 11:10:00	-0.0079521	-0.0090881	-0.0068161	14.297
1	2021-11-26 11:11:00	-0.0082361	-0.0090881	-0.0068161	14.281
1	2021-11-26 11:12:00	-0.0081604	-0.0090881	-0.0068161	14.327
1	2021-11-26 11:13:00	-0.0079711	-0.0090881	-0.0068161	14.269
1	2021-11-26 11:14:00	-0.0078196	-0.0090881	-0.0068161	14.262
1	2021-11-26 11:15:00	-0.0081793	-0.0090881	-0.0068161	14.275
1	2021-11-26 11:16:00	-0.0081604	-0.0090881	-0.0068161	14.284
1	2021-11-26 11:17:00	-0.0077817	-0.0090881	-0.0068161	14.279
1	2021-11-26 11:18:00	-0.0079521	-0.0090881	-0.0068161	14.27
1	2021-11-26 11:19:00	-0.0075545	-0.0079521	-0.0068161	14.289
1	2021-11-26 11:20:00	-0.0080089	-0.0090881	-0.0068161	14.302
1	2021-11-26 11:21:00	-0.0083876	-0.0090881	-0.0068161	14.264
1	2021-11-26 11:22:00	-0.0080847	-0.0090881	-0.0068161	14.282
1	2021-11-26 11:23:00	-0.0089556	-0.0090881	-0.0079521	14.252
1	2021-11-26 11:24:00	-0.0083119	-0.0090881	-0.0068161	14.228
1	2021-11-26 11:25:00	-0.0088609	-0.0090881	-0.0079521	14.302
1	2021-11-26 11:26:00	-0.0090692	-0.0090881	-0.0079521	14.289
1	2021-11-26 11:27:00	-0.0089177	-0.0090881	-0.0068161	14.279
1	2021-11-26 11:28:00	-0.0086148	-0.0090881	-0.0079521	14.296
1	2021-11-26 11:29:00	-0.0086716	-0.0090881	-0.0068161	14.326
1	2021-11-26 11:30:00	-0.0087473	-0.0090881	-0.0068161	14.323
1	2021-11-26 11:31:00	-0.0089367	-0.0090881	-0.0079521	14.335
1	2021-11-26 11:32:00	-0.0086337	-0.0090881	-0.0068161	14.333
1	2021-11-26 11:33:00	-0.0088609	-0.0090881	-0.0079521	14.376
1	2021-11-26 11:34:00	-0.0088988	-0.0090881	-0.0079521	14.359
1	2021-11-26 11:35:00	-0.0084444	-0.0090881	-0.0068161	14.381
1	2021-11-26 11:36:00	-0.0086527	-0.0090881	-0.0079521	14.365
1	2021-11-26 11:37:00	-0.0087852	-0.010224	-0.0079521	14.374
1	2021-11-26 11:38:00	-0.0086905	-0.0090881	-0.0068161	14.342
1	2021-11-26 11:39:00	-0.0086148	-0.0090881	-0.0068161	14.256
1	2021-11-26 11:40:00	-0.0086148	-0.0090881	-0.0068161	14.28
1	2021-11-26 11:41:00	-0.0085959	-0.0090881	-0.0068161	14.243
1	2021-11-26 11:42:00	-0.0080468	-0.0090881	-0.0068161	14.291
1	2021-11-26 11:43:00	-0.0080657	-0.0090881	-0.0068161	14.328
1	2021-11-26 11:44:00	-0.0079332	-0.0090881	-0.0068161	14.298
1	2021-11-26 11:45:00	-0.0082929	-0.0090881	-0.0068161	14.246
1	2021-11-26 11:46:00	-0.0083308	-0.0090881	-0.0068161	14.237
1	2021-11-26 11:47:00	-0.0081983	-0.010224	-0.0068161	14.311
1	2021-11-26 11:48:00	-0.0081983	-0.010224	-0.0068161	14.304
1	2021-11-26 11:49:00	-0.0078575	-0.010224	-0.0056801	14.273
1	2021-11-26 11:50:00	-0.0080847	-0.012496	0	14.255
1	2021-11-26 11:51:00	-0.0088988	-0.0090881	-0.0068161	14.268
1	2021-11-26 11:52:00	-0.0086527	-0.010224	-0.0068161	14.285
1	2021-11-26 11:53:00	-0.0088041	-0.01136	-0.0068161	14.305
1	2021-11-26 11:54:00	-0.0085391	-0.010224	-0.0045441	14.285
1	2021-11-26 11:55:00	-0.0078953	-0.0090881	-0.0056801	14.284
1	2021-11-26 11:56:00	-0.0080468	-0.01136	-0.0034081	14.267
1	2021-11-26 11:57:00	-0.0081604	-0.013632	-0.0045441	14.267
1	2021-11-26 11:58:00	-0.0081983	-0.010224	-0.0068161	14.28
1	2021-11-26 11:59:00	-0.0079143	-0.010224	-0.0068161	14.313
1	2021-11-26 12:00:00	-0.0079332	-0.0090881	-0.0045441	14.272
1	2021-11-26 12:01:00	-0.0081036	-0.0090881	-0.0056801	14.243
1	2021-11-26 12:02:00	-0.0084255	-0.010224	-0.0056801	14.228
1	2021-11-26 12:03:00	-0.0088799	-0.013632	-0.0045441	14.253
1	2021-11-26 12:04:00	-0.0076113	-0.01136	-0.0056801	14.259
1	2021-11-26 12:05:00	-0.0077439	-0.0090881	-0.0068161	14.245
1	2021-11-26 12:06:00	-0.0078575	-0.0090881	-0.0056801	14.276
1	2021-11-26 12:07:00	-0.0078007	-0.012496	0.001136	14.257
1	2021-11-26 12:08:00	-0.0080089	-0.010224	-0.0056801	14.322
1	2021-11-26 12:09:00	-0.0071948	-0.0090881	-0.002272	14.259
1	2021-11-26 12:10:00	-0.0076302	-0.012496	-0.001136	14.23
1	2021-11-26 12:11:00	-0.0079332	-0.0090881	0.002272	14.279
1	2021-11-26 12:12:00	-0.0077249	-0.0090881	-0.0068161	14.352
1	2021-11-26 12:13:00	-0.0079143	-0.0090881	-0.0068161	14.352
1	2021-11-26 12:14:00	-0.0078196	-0.0090881	-0.0068161	14.358
1	2021-11-26 12:15:00	-0.0078385	-0.010224	-0.0068161	14.315
1	2021-11-26 12:16:00	-0.0080089	-0.010224	-0.0068161	14.382
1	2021-11-26 12:17:00	-0.0080847	-0.012496	-0.0056801	14.312
1	2021-11-26 12:18:00	-0.0081036	-0.012496	-0.0068161	14.306
1	2021-11-26 12:19:00	-0.0079143	-0.012496	-0.0056801	14.288
1	2021-11-26 12:20:00	-0.0079521	-0.010224	-0.0045441	14.276
1	2021-11-26 12:21:00	-0.0079521	-0.010224	-0.0068161	14.264
1	2021-11-26 12:22:00	-0.0078953	-0.010224	-0.0068161	14.296
1	2021-11-26 12:23:00	-0.0080657	-0.010224	-0.0068161	14.279
1	2021-11-26 12:24:00	-0.0080468	-0.010224	-0.0068161	14.255
1	2021-11-26 12:25:00	-0.0080279	-0.0090881	-0.0068161	14.261
1	2021-11-26 12:26:00	-0.0079143	-0.010224	-0.0034081	14.29
1	2021-11-26 12:27:00	-0.0080657	-0.010224	-0.0068161	14.291
1	2021-11-26 12:28:00	-0.0079521	-0.010224	-0.0068161	14.285
1	2021-11-26 12:29:00	-0.0080468	-0.010224	-0.0045441	14.303
1	2021-11-26 12:30:00	-0.0078953	-0.010224	0.002272	14.275
1	2021-11-26 12:31:00	-0.0080279	-0.010224	-0.0068161	14.301
1	2021-11-26 12:32:00	-0.0079521	-0.01136	-0.0056801	14.281
1	2021-11-26 12:33:00	-0.0078196	-0.010224	-0.0056801	14.212
1	2021-11-26 12:34:00	-0.0080468	-0.01136	-0.0056801	14.319
1	2021-11-26 12:35:00	-0.0078006	-0.01136	-0.0034081	14.246
1	2021-11-26 12:36:00	-0.0078007	-0.010224	-0.0056801	14.264
1	2021-11-26 12:37:00	-0.0075356	-0.01136	-0.0056801	14.294
1	2021-11-26 12:38:00	-0.0072894	-0.0090881	-0.0034081	14.291
1	2021-11-26 12:39:00	-0.007119	-0.0090881	0.0034081	14.261
1	2021-11-26 12:40:00	-0.0075545	-0.012496	-0.0034081	14.252
1	2021-11-26 12:41:00	-0.0072705	-0.010224	-0.0034081	14.247
1	2021-11-26 12:42:00	-0.0076681	-0.0090881	-0.0056801	14.255
1	2021-11-26 12:43:00	-0.0078764	-0.012496	-0.0068161	14.29
1	2021-11-26 12:44:00	-0.0074409	-0.010224	-0.0056801	14.275
1	2021-11-26 12:45:00	-0.0075166	-0.010224	-0.0056801	14.301
1	2021-11-26 12:46:00	-0.0073084	-0.0090881	0.0090881	14.284
1	2021-11-26 12:47:00	-0.0074977	-0.010224	-0.0045441	14.285
1	2021-11-26 12:48:00	-0.0072705	-0.0090881	-0.0056801	14.234
1	2021-11-26 12:49:00	-0.0074977	-0.0090881	-0.0056801	14.296
1	2021-11-26 12:50:00	-0.0075166	-0.0079521	-0.0056801	14.312
1	2021-11-26 12:51:00	-0.0076113	-0.0090881	-0.0034081	14.347
1	2021-11-26 12:52:00	-0.0078007	-0.010224	-0.0045441	14.351
1	2021-11-26 12:53:00	-0.0078385	-0.010224	-0.0045441	14.389
1	2021-11-26 12:54:00	-0.0076492	-0.010224	-0.0034081	14.403
1	2021-11-26 12:55:00	-0.0076113	-0.010224	-0.0056801	14.349
1	2021-11-26 12:56:00	-0.0073084	-0.010224	0	14.316
1	2021-11-26 12:57:00	-0.0072516	-0.0090881	-0.0045441	14.284
1	2021-11-26 12:58:00	-0.0072326	-0.0090881	0	14.316
1	2021-11-26 12:59:00	-0.0073462	-0.013632	-0.0056801	14.263
1	2021-11-26 13:00:00	-0.007403	-0.0090881	-0.0068161	14.263
1	2021-11-26 13:01:00	-0.0076492	-0.0090881	-0.0068161	14.273
1	2021-11-26 13:02:00	-0.0076113	-0.0090881	-0.0056801	14.306
1	2021-11-26 13:03:00	-0.007706	-0.01136	-0.0056801	14.238
1	2021-11-26 13:04:00	-0.0075545	-0.010224	-0.0056801	14.266
1	2021-11-26 13:05:00	-0.0075924	-0.0090881	-0.0068161	14.248
1	2021-11-26 13:06:00	-0.0073652	-0.0090881	0	14.229
1	2021-11-26 13:07:00	-0.0074788	-0.0090881	-0.0068161	14.238
1	2021-11-26 13:08:00	-0.0073652	-0.0079521	-0.0056801	14.294
1	2021-11-26 13:09:00	-0.0076113	-0.0090881	-0.0068161	14.298
1	2021-11-26 13:10:00	-0.0073652	-0.0090881	-0.0068161	14.301
1	2021-11-26 13:11:00	-0.0073273	-0.0090881	-0.0068161	14.29
1	2021-11-26 13:12:00	-0.0080279	-0.0090881	-0.0079521	14.285
1	2021-11-26 13:13:00	-0.0077439	-0.0090881	-0.0056801	14.293
1	2021-11-26 13:14:00	-0.0080279	-0.0090881	-0.0079521	14.301
1	2021-11-26 13:15:00	0.014257	-0.0090881	0.10792	14.245
1	2021-11-26 13:16:00	0.096486	0.093153	0.10224	14.266
1	2021-11-26 13:17:00	0.093248	0.090881	0.095425	14.273
1	2021-11-26 13:18:00	0.092434	0.090881	0.094289	14.269
1	2021-11-26 13:19:00	0.092623	0.090881	0.094289	14.255
1	2021-11-26 13:20:00	0.091752	0.090881	0.094289	14.287
1	2021-11-26 13:21:00	0.09198	0.089745	0.094289	14.303
1	2021-11-26 13:22:00	0.091771	0.089745	0.093153	14.261
1	2021-11-26 13:23:00	0.091639	0.090881	0.093153	14.29
1	2021-11-26 13:24:00	0.092245	0.089745	0.094289	14.295
1	2021-11-26 13:25:00	0.091752	0.089745	0.093153	14.305
1	2021-11-26 13:26:00	0.092453	0.090881	0.095425	14.285
1	2021-11-26 13:27:00	0.092112	0.090881	0.095425	14.259
1	2021-11-26 13:28:00	0.091904	0.089745	0.093153	14.268
1	2021-11-26 13:29:00	0.091355	0.089745	0.093153	14.296
1	2021-11-26 13:30:00	0.090976	0.089745	0.093153	14.291
1	2021-11-26 13:31:00	0.091885	0.090881	0.093153	14.269
1	2021-11-26 13:32:00	0.092131	0.090881	0.093153	14.393
1	2021-11-26 13:33:00	0.091222	0.089745	0.093153	14.369
1	2021-11-26 13:34:00	0.090919	0.089745	0.093153	14.289
1	2021-11-26 13:35:00	0.090673	0.084065	0.092017	14.362
1	2021-11-26 13:36:00	0.090806	0.089745	0.092017	14.336
1	2021-11-26 13:37:00	0.090711	0.088609	0.093153	14.343
1	2021-11-26 13:38:00	0.091014	0.089745	0.095425	14.29
1	2021-11-26 13:39:00	0.091014	0.089745	0.093153	14.293
1	2021-11-26 13:40:00	0.091677	0.089745	0.097697	14.347
1	2021-11-26 13:41:00	0.091393	0.084065	0.094289	14.278
1	2021-11-26 13:42:00	0.091374	0.089745	0.094289	14.282
1	2021-11-26 13:43:00	0.091677	0.090881	0.094289	14.233
1	2021-11-26 13:44:00	0.09179	0.089745	0.094289	14.32
1	2021-11-26 13:45:00	0.091544	0.087473	0.093153	14.25
1	2021-11-26 13:46:00	0.092169	0.089745	0.094289	14.251
1	2021-11-26 13:47:00	0.092301	0.090881	0.094289	14.219
1	2021-11-26 13:48:00	0.091847	0.090881	0.094289	14.261
1	2021-11-26 13:49:00	0.092737	0.090881	0.094289	14.245
1	2021-11-26 13:50:00	0.092282	0.090881	0.094289	14.223
1	2021-11-26 13:51:00	0.092093	0.089745	0.094289	14.259
1	2021-11-26 13:52:00	0.091904	0.089745	0.094289	14.275
1	2021-11-26 13:53:00	0.091866	0.088609	0.093153	14.264
1	2021-11-26 13:54:00	0.092529	0.090881	0.096561	14.248
1	2021-11-26 13:55:00	0.091525	0.089745	0.093153	14.285
1	2021-11-26 13:56:00	0.091639	0.089745	0.093153	14.28
1	2021-11-26 13:57:00	0.092036	0.089745	0.096561	14.246
1	2021-11-26 13:58:00	0.091506	0.088609	0.093153	14.249
1	2021-11-26 13:59:00	0.091639	0.090881	0.093153	14.28
1	2021-11-26 14:00:00	0.091563	0.087473	0.093153	14.238
1	2021-11-26 14:01:00	0.09143	0.089745	0.093153	14.278
1	2021-11-26 14:02:00	0.091601	0.089745	0.094289	14.27
1	2021-11-26 14:03:00	0.091411	0.089745	0.093153	14.266
1	2021-11-26 14:04:00	0.091525	0.089745	0.093153	14.237
1	2021-11-26 14:05:00	0.091904	0.090881	0.094289	14.254
1	2021-11-26 14:06:00	0.091733	0.089745	0.095425	14.254
1	2021-11-26 14:07:00	0.09143	0.089745	0.093153	14.291
1	2021-11-26 14:08:00	0.09179	0.089745	0.093153	14.259
1	2021-11-26 14:09:00	0.091695	0.090881	0.093153	14.303
1	2021-11-26 14:10:00	0.091525	0.089745	0.093153	14.406
1	2021-11-26 14:11:00	0.09162	0.089745	0.094289	14.358
1	2021-11-26 14:12:00	0.091961	0.089745	0.093153	14.312
1	2021-11-26 14:13:00	0.091866	0.090881	0.095425	14.327
1	2021-11-26 14:14:00	0.091639	0.089745	0.094289	14.362
1	2021-11-26 14:15:00	0.091866	0.090881	0.096561	14.353
1	2021-11-26 14:16:00	0.091771	0.089745	0.093153	14.301
1	2021-11-26 14:17:00	0.091923	0.089745	0.095425	14.277
1	2021-11-26 14:18:00	0.091752	0.089745	0.095425	14.303
1	2021-11-26 14:19:00	0.091809	0.090881	0.093153	14.288
1	2021-11-26 14:20:00	0.091809	0.090881	0.094289	14.279
1	2021-11-26 14:21:00	0.091998	0.089745	0.093153	14.248
1	2021-11-26 14:22:00	0.091998	0.088609	0.094289	14.309
1	2021-11-26 14:23:00	0.091923	0.089745	0.097697	14.292
1	2021-11-26 14:24:00	0.091695	0.090881	0.096561	14.254
1	2021-11-26 14:25:00	0.091658	0.087473	0.098833	14.252
1	2021-11-26 14:26:00	0.091563	0.089745	0.092017	14.245
1	2021-11-26 14:27:00	0.091639	0.089745	0.093153	14.256
1	2021-11-26 14:28:00	0.09179	0.089745	0.093153	14.29
1	2021-11-26 14:29:00	0.092207	0.088609	0.095425	14.276
1	2021-11-26 14:30:00	0.091923	0.089745	0.093153	14.301
1	2021-11-26 14:31:00	0.091771	0.090881	0.094289	14.306
1	2021-11-26 14:32:00	0.091279	0.090881	0.092017	14.317
1	2021-11-26 14:33:00	0.091923	0.089745	0.093153	14.346
1	2021-11-26 14:34:00	0.091165	0.089745	0.092017	14.301
1	2021-11-26 14:35:00	0.092188	0.090881	0.094289	14.319
1	2021-11-26 14:36:00	0.091771	0.090881	0.094289	14.309
1	2021-11-26 14:37:00	0.09232	0.089745	0.094289	14.301
1	2021-11-26 14:38:00	0.091961	0.088609	0.096561	14.308
1	2021-11-26 14:39:00	0.092017	0.090881	0.093153	14.282
1	2021-11-26 14:40:00	-0.002007	-0.0079521	0.090881	14.284
1	2021-11-26 14:41:00	-0.0075924	-0.0090881	-0.0068161	14.279
1	2021-11-26 14:42:00	-0.0072705	-0.0090881	-0.0056801	14.331
1	2021-11-26 14:43:00	-0.0073462	-0.0079521	-0.0068161	14.333
1	2021-11-26 14:44:00	-0.0077439	-0.0090881	-0.0056801	14.322
1	2021-11-26 14:45:00	-0.0070812	-0.0079521	-0.0045441	14.297
1	2021-11-26 14:46:00	-0.0077438	-0.0090881	-0.0056801	14.294
1	2021-11-26 14:47:00	-0.0073273	-0.0079521	-0.0056801	14.261
1	2021-11-26 14:48:00	-0.0075924	-0.0079521	-0.0068161	14.276
1	2021-11-26 14:49:00	-0.0070244	-0.0079521	-0.0045441	14.289
1	2021-11-26 14:50:00	-0.0072705	-0.0079521	-0.0068161	14.298
1	2021-11-26 14:51:00	-0.0072516	-0.0079521	-0.0068161	14.346
1	2021-11-26 14:52:00	-0.00657	-0.0079521	-0.0045441	14.297
1	2021-11-26 14:53:00	-0.0063617	-0.0068161	-0.0045441	14.313
1	2021-11-26 14:54:00	-0.0063617	-0.0079521	-0.0045441	14.232
1	2021-11-26 14:55:00	-0.005699	-0.0079521	-0.0045441	14.254
1	2021-11-26 14:56:00	-0.0056422	-0.0068161	-0.0045441	14.29
1	2021-11-26 14:57:00	-0.0050931	-0.0056801	-0.0034081	14.274
1	2021-11-26 14:58:00	-0.0040707	-0.0045441	-0.002272	14.238
1	2021-11-26 14:59:00	-0.0033323	-0.0045441	-0.002272	14.268
1	2021-11-26 15:00:00	-0.0021584	-0.0034081	-0.001136	14.253
1	2021-11-26 15:01:00	-0.00085201	-0.002272	0.001136	14.296
1	2021-11-26 15:02:00	0.0014768	0	0.0034081	14.264
1	2021-11-26 15:03:00	0.0041465	0.002272	0.0068161	14.207
1	2021-11-26 15:04:00	0.0074977	0.0056801	0.010224	14.255
1	2021-11-26 15:05:00	0.012364	0.0090881	0.015904	14.286
1	2021-11-26 15:06:00	0.018782	0.013632	0.02272	14.263
1	2021-11-26 15:07:00	0.026943	0.02272	0.031808	14.244
1	2021-11-26 15:08:00	0.037583	0.031808	0.044305	14.237
1	2021-11-26 15:09:00	0.052654	0.044305	0.063617	14.217
1	2021-11-26 15:10:00	0.073784	0.062481	0.089745	14.257
1	2021-11-26 15:11:00	0.10139	0.082929	0.11815	14.215
1	2021-11-26 15:12:00	0.13672	0.11701	0.16018	14.28
1	2021-11-26 15:13:00	0.18381	0.15791	0.21812	14.256
1	2021-11-26 15:14:00	0.24998	0.21698	0.29536	14.276
1	2021-11-26 15:15:00	0.33742	0.28968	0.39079	14.275
1	2021-11-26 15:16:00	0.44594	0.38057	0.51462	14.23
1	2021-11-26 15:17:00	0.58049	0.49644	0.66457	14.277
1	2021-11-26 15:18:00	0.74333	0.64867	0.86792	14.252
1	2021-11-26 15:19:00	0.94062	0.81907	1.0701	14.255
1	2021-11-26 15:20:00	1.1798	1.0531	1.3507	14.236
1	2021-11-26 15:21:00	1.4799	1.2894	1.6893	14.228
1	2021-11-26 15:22:00	1.8462	1.6211	2.1391	14.254
1	2021-11-26 15:23:00	2.2817	2.0414	2.5083	14.223
1	2021-11-26 15:24:00	2.7892	2.5413	3.1956	14.19
1	2021-11-26 15:25:00	3.3593	3.0014	3.767	14.216
1	2021-11-26 15:26:00	3.9877	3.583	4.5713	14.285
1	2021-11-26 15:27:00	4.6775	4.1578	5.1359	14.26
1	2021-11-26 15:28:00	5.4549	4.8599	6.0084	14.259
1	2021-11-26 15:29:00	6.2702	5.763	6.8309	14.239
1	2021-11-26 15:30:00	7.1854	6.5741	7.9578	14.353
1	2021-11-26 15:31:00	8.1685	7.5716	8.7746	14.366
1	2021-11-26 15:32:00	9.2585	8.6269	9.9583	14.32
1	2021-11-26 15:33:00	10.427	9.5494	11.014	14.323
1	2021-11-26 15:34:00	11.717	10.83	12.734	14.268
1	2021-11-26 15:35:00	13.066	12.185	13.791	14.304
1	2021-11-26 15:36:00	14.523	13.572	15.611	14.245
1	2021-11-26 15:37:00	15.931	15.082	17.123	14.229
1	2021-11-26 15:38:00	17.473	16.284	18.657	14.248
1	2021-11-26 15:39:00	19.125	17.952	20.145	14.249
1	2021-11-26 15:40:00	20.836	19.894	21.89	14.267
1	2021-11-26 15:41:00	22.489	21.222	23.994	14.254
1	2021-11-26 15:42:00	24.119	22.557	25.36	14.272
1	2021-11-26 15:43:00	26.236	25.074	27.57	14.212
1	2021-11-26 15:44:00	28.734	27.361	31.067	14.2
1	2021-11-26 15:45:00	31.012	28.414	33.132	14.262
1	2021-11-26 15:46:00	33.726	31.9	38.67	14.255
1	2021-11-26 15:47:00	37.246	33.217	43.032	14.275
1	2021-11-26 15:48:00	40.445	37.591	45.373	14.256
1	2021-11-26 15:49:00	44.264	39.806	48.622	14.265
1	2021-11-26 15:50:00	47.168	41.362	52.87	14.255
1	2021-11-26 15:51:00	49.799	44.339	54.87	14.273
1	2021-11-26 15:52:00	55.818	47.417	65.934	14.269
1	2021-11-26 15:53:00	61.592	53.393	73.387	14.24
1	2021-11-26 15:54:00	65.429	55.154	75.727	14.282
1	2021-11-26 15:55:00	68.671	59.652	82.202	14.255
1	2021-11-26 15:56:00	73.751	61.652	84.145	13.792
1	2021-11-26 15:57:00	77.909	64.526	88.677	13.803
1	2021-11-26 15:58:00	82.516	70.933	96.493	13.794
1	2021-11-26 15:59:00	83.102	72.41	101.22	13.792
1	2021-11-26 16:00:00	92.647	78.726	110.02	13.82
1	2021-11-26 16:01:00	98.559	80.6	122.49	13.809
1	2021-11-26 16:02:00	102.5	79.669	126.94	13.783
1	2021-11-26 16:03:00	110.06	85.372	127.26	13.822
1	2021-11-26 16:04:00	112.39	90.359	136.12	13.849
1	2021-11-26 16:05:00	120.51	98.072	138.48	13.82
1	2021-11-26 16:06:00	124.55	93.869	157.76	13.85
1	2021-11-26 16:07:00	129.31	98.038	156.97	13.792
1	2021-11-26 16:08:00	135.15	105.09	163.87	13.844
1	2021-11-26 16:09:00	141.03	118.46	173.38	13.871
1	2021-11-26 16:10:00	145.93	108.51	177.59	13.903
1	2021-11-26 16:11:00	152.68	100.21	199.02	14.335
1	2021-11-26 16:12:00	158.66	134.71	174.11	14.352
1	2021-11-26 16:13:00	165.23	148.92	182.64	14.326
1	2021-11-26 16:14:00	173.86	128.53	223.18	14.311
1	2021-11-26 16:15:00	149.19	100.22	196.94	14.325
1	2021-11-26 16:16:00	133.31	100.4	167.69	14.295
1	2021-11-26 16:17:00	104.12	92.676	138.39	14.299
1	2021-11-26 16:18:00	111.18	91.495	172.97	14.258
1	2021-11-26 16:19:00	179.16	136.37	212.45	14.223
1	2021-11-26 16:20:00	175.02	135.67	229.36	14.26
1	2021-11-26 16:21:00	168.01	139.46	214.21	14.257
1	2021-11-26 16:22:00	147.48	124.43	199.68	14.259
1	2021-11-26 16:23:00	150.21	125.55	190.74	14.277
1	2021-11-26 16:24:00	153.12	125.72	255.49	14.264
1	2021-11-26 16:25:00	221.72	160.36	277.74	14.226
1	2021-11-26 16:26:00	231.05	179.92	296.38	14.227
1	2021-11-26 16:27:00	241.34	189.54	297.43	14.25
1	2021-11-26 16:28:00	258.41	191.49	362.14	14.253
1	2021-11-26 16:29:00	269.27	196	332.96	14.276
1	2021-11-26 16:30:00	251.86	165.79	322.63	14.225
1	2021-11-26 16:31:00	252.65	170.36	303.93	14.263
1	2021-11-26 16:32:00	293.37	254.9	331.84	14.225
1	2021-11-26 16:33:00	300.36	249.11	348.5	14.269
1	2021-11-26 16:34:00	301.77	269.33	347.3	14.249
1	2021-11-26 16:35:00	302.95	271.51	350.12	14.306
1	2021-11-26 16:36:00	309.01	254.58	362.62	14.25
1	2021-11-26 16:37:00	309.41	246.52	379.09	14.293
1	2021-11-26 16:38:00	322.08	271.05	385.34	14.223
1	2021-11-26 16:39:00	332.58	264.24	391.24	14.264
1	2021-11-26 16:40:00	342.88	280.94	391.7	14.239
1	2021-11-26 16:41:00	353.42	259.81	432.48	14.225
1	2021-11-26 16:42:00	365.77	285.25	443.73	14.191
1	2021-11-26 16:43:00	373.42	298.09	448.39	14.228
1	2021-11-26 16:44:00	375.36	314.22	427.82	14.244
1	2021-11-26 16:45:00	365.27	316.38	420.89	14.241
1	2021-11-26 16:46:00	376.57	314.9	437.71	14.257
1	2021-11-26 16:47:00	382.05	336.37	438.16	14.247
1	2021-11-26 16:48:00	404.38	346.14	453.61	14.198
1	2021-11-26 16:49:00	427.87	376.14	475.88	14.327
1	2021-11-26 16:50:00	436.72	382.5	494.85	14.342
1	2021-11-26 16:51:00	439.06	393.18	482.81	14.322
1	2021-11-26 16:52:00	438.39	362.84	501.89	14.301
1	2021-11-26 16:53:00	442.08	381.36	531.77	14.348
1	2021-11-26 16:54:00	456.07	409.08	535.97	14.355
1	2021-11-26 16:55:00	467.84	421.8	512.8	14.343
1	2021-11-26 16:56:00	465.86	415.67	537.34	14.304
1	2021-11-26 16:57:00	473.65	434.19	513.71	14.264
1	2021-11-26 16:58:00	477.89	434.87	517.91	14.239
1	2021-11-26 16:59:00	485.74	420.33	549.95	14.193
1	2021-11-26 17:00:00	490.87	439.41	534.84	14.238
1	2021-11-26 17:01:00	504.89	451.79	568.69	14.263
1	2021-11-26 17:02:00	512.44	434.87	599.36	14.296
1	2021-11-26 17:03:00	523.08	458.04	581.41	14.248
1	2021-11-26 17:04:00	519.7	444.07	589.59	14.288
1	2021-11-26 17:05:00	522.19	462.7	576.53	14.251
1	2021-11-26 17:06:00	533.49	495.87	574.48	14.296
1	2021-11-26 17:07:00	535.02	486.33	594.82	14.337
1	2021-11-26 17:08:00	550.68	477.81	622.99	14.327
1	2021-11-26 17:09:00	546.2	470.42	609.47	14.266
1	2021-11-26 17:10:00	559.55	488.15	648.67	14.297
1	2021-11-26 17:11:00	548.62	463.04	622.88	14.311
1	2021-11-26 17:12:00	519.56	475.88	557.33	14.227
1	2021-11-26 17:13:00	531.45	475.99	630.38	14.256
1	2021-11-26 17:14:00	571.24	502.23	640.6	14.282
1	2021-11-26 17:15:00	562.71	498.14	606.86	14.275
1	2021-11-26 17:16:00	577.25	508.71	649.01	14.225
1	2021-11-26 17:17:00	560.49	497.12	613.9	14.288
1	2021-11-26 17:18:00	567.89	496.33	626.97	14.275
1	2021-11-26 17:19:00	601.62	538.36	671.25	14.233
1	2021-11-26 17:20:00	601.51	523.02	681.04	14.241
1	2021-11-26 17:21:00	557.42	510.64	627.76	14.264
1	2021-11-26 17:22:00	569.39	497.8	651.85	14.239
1	2021-11-26 17:23:00	609.29	567.89	650.37	14.292
1	2021-11-26 17:24:00	612.3	553.01	699.56	14.287
1	2021-11-26 17:25:00	642.69	560.06	702.17	14.243
1	2021-11-26 17:26:00	596.37	377.95	726.26	14.273
1	2021-11-26 17:27:00	707.71	653.21	789.19	14.317
1	2021-11-26 17:28:00	709.89	648.89	795.1	14.218
1	2021-11-26 17:29:00	694.65	524.73	764.31	14.303
1	2021-11-26 17:30:00	690.4	356.03	795.1	14.269
1	2021-11-26 17:31:00	751.82	697.86	841.79	14.281
1	2021-11-26 17:32:00	761.21	665.59	832.13	14.219
1	2021-11-26 17:33:00	763.53	714.44	823.84	14.323
1	2021-11-26 17:34:00	725.39	645.03	778.85	14.322
1	2021-11-26 17:35:00	759.87	686.49	842.47	14.366
1	2021-11-26 17:36:00	751.89	632.87	857.81	14.354
1	2021-11-26 17:37:00	763.8	709.44	812.93	14.295
1	2021-11-26 17:38:00	694.42	516.32	786.81	14.29
1	2021-11-26 17:39:00	734.35	573.69	817.14	14.312
1	2021-11-26 17:40:00	797.7	663.55	910.18	14.34
1	2021-11-26 17:41:00	660.19	362.16	882.23	14.264
1	2021-11-26 17:42:00	336.63	294.11	386.81	14.271
1	2021-11-26 17:43:00	465.36	358.3	531.88	14.272
1	2021-11-26 17:44:00	573.53	472.92	663.66	14.249
1	2021-11-26 17:45:00	569.89	429.19	801.46	14.272
1	2021-11-26 17:46:00	705.97	458.16	917.33	14.259
1	2021-11-26 17:47:00	677.64	351.94	952.32	14.248
1	2021-11-26 17:48:00	766.44	388.86	980.27	14.263
1	2021-11-26 17:49:00	914.98	818.16	1006.7	14.256
1	2021-11-26 17:50:00	506.94	338.76	976.41	14.228
1	2021-11-26 17:51:00	482.19	362.84	1001.4	14.264
1	2021-11-26 17:52:00	812.18	395.45	1059.7	14.293
1	2021-11-26 17:53:00	374.69	355.69	400.9	14.348
1	2021-11-26 17:54:00	509.22	390.9	925.85	14.287
1	2021-11-26 17:55:00	852.24	452.02	1035.7	14.303
1	2021-11-26 17:56:00	914.67	648.89	1068.3	14.279
1	2021-11-26 17:57:00	867.89	569.49	1029.7	14.322
1	2021-11-26 17:58:00	975.84	914.49	1037.8	14.3
1	2021-11-26 17:59:00	958.71	883.14	1035.4	14.312
1	2021-11-26 18:00:00	919.54	866.1	977.2	14.263
1	2021-11-26 18:01:00	921.56	856.9	988.56	14.248
1	2021-11-26 18:02:00	988.01	940.51	1035.9	14.272
1	2021-11-26 18:03:00	992.1	923.01	1059	14.271
1	2021-11-26 18:04:00	1010.2	960.05	1085.8	14.288
1	2021-11-26 18:05:00	1021	930.06	1116.3	14.233
1	2021-11-26 18:06:00	1019.8	965.05	1087.3	14.219
1	2021-11-26 18:07:00	1000.6	940.17	1053.7	14.261
1	2021-11-26 18:08:00	1011	938.69	1088.2	14.269
1	2021-11-26 18:09:00	1012.3	936.99	1095.2	14.322
1	2021-11-26 18:10:00	1004.7	922.79	1119.1	14.33
1	2021-11-26 18:11:00	990.92	938.46	1054.8	14.327
1	2021-11-26 18:12:00	940.66	667.64	1043.1	14.286
1	2021-11-26 18:13:00	606.68	441.34	900.41	14.279
1	2021-11-26 18:14:00	638.03	490.3	842.13	14.247
1	2021-11-26 18:15:00	867.27	540.97	1199.3	14.291
1	2021-11-26 18:16:00	564.03	469.86	882.57	14.366
1	2021-11-26 18:17:00	1041	576.87	1141.2	14.381
1	2021-11-26 18:18:00	1069.3	1019.5	1159	14.414
1	2021-11-26 18:19:00	1046.9	970.39	1117.6	14.36
1	2021-11-26 18:20:00	786.54	521.89	1111.3	14.36
1	2021-11-26 18:21:00	928.73	599.59	1174.8	14.374
1	2021-11-26 18:22:00	1136.2	979.36	1253.7	14.323
1	2021-11-26 18:23:00	1083.5	688.77	1185.1	14.213
1	2021-11-26 18:24:00	858.51	524.61	1047.3	14.212
1	2021-11-26 18:25:00	1009.9	856.44	1060.7	14.213
1	2021-11-26 18:26:00	994.56	702.4	1106.9	14.277
1	2021-11-26 18:27:00	994.33	731.25	1165	14.238
1	2021-11-26 18:28:00	1137.5	1047.3	1220.3	14.256
1	2021-11-26 18:29:00	1098.4	1038	1158.4	14.205
1	2021-11-26 18:30:00	1127.6	1035.6	1259.2	14.219
1	2021-11-26 18:31:00	679.27	483.03	1161.2	14.202
1	2021-11-26 18:32:00	790.94	497.92	1114.7	14.219
1	2021-11-26 18:33:00	564.59	488.83	745	14.214
1	2021-11-26 18:34:00	514.12	451.34	615.83	14.239
1	2021-11-26 18:35:00	614.62	495.64	1022.4	14.233
1	2021-11-26 18:36:00	601.22	508.48	823.95	14.182
1	2021-11-26 18:37:00	1089.6	442.82	1234.6	14.259
1	2021-11-26 18:38:00	381.42	336.72	440.55	14.254
1	2021-11-26 18:39:00	605.75	338.42	1260.1	14.196
1	2021-11-26 18:40:00	945.22	579.71	1283.8	14.266
1	2021-11-26 18:41:00	913.14	597.77	1348.2	14.207
1	2021-11-26 18:42:00	619.75	551.88	791.35	14.269
1	2021-11-26 18:43:00	646.68	536.31	928.47	14.218
1	2021-11-26 18:44:00	776.45	474.51	1419	14.217
1	2021-11-26 18:45:00	656.28	469.52	1172.5	14.254
1	2021-11-26 18:46:00	576.41	521.2	735.34	14.197
1	2021-11-26 18:47:00	621.4	533.02	762.15	14.222
1	2021-11-26 18:48:00	607.9	574.6	730	14.24
1	2021-11-26 18:49:00	608.57	591.75	627.65	14.223
1	2021-11-26 18:50:00	578.63	546.54	610.04	14.238
1	2021-11-26 18:51:00	525.8	500.98	546.99	14.196
1	2021-11-26 18:52:00	499.32	494.62	505.07	14.197
1	2021-11-26 18:53:00	495.71	492.92	498.03	14.245
1	2021-11-26 18:54:00	488.35	478.26	496.78	14.297
1	2021-11-26 18:55:00	459.52	436.68	477.7	14.262
1	2021-11-26 18:56:00	412.21	389.43	436.46	14.302
1	2021-11-26 18:57:00	378.19	368.07	390.45	14.338
1	2021-11-26 18:58:00	359.55	350.8	370.68	14.26
1	2021-11-26 18:59:00	338.05	326.72	350.12	14.211
1	2021-11-26 19:00:00	316.51	308.88	325.92	14.248
1	2021-11-26 19:01:00	305.73	303.66	307.97	14.272
1	2021-11-26 19:02:00	310.22	305.02	316.95	14.274
1	2021-11-26 19:03:00	325.39	316.15	334.33	14.266
1	2021-11-26 19:04:00	346.37	335.01	362.84	14.229
1	2021-11-26 19:05:00	376.74	357.96	392.83	14.287
1	2021-11-26 19:06:00	410.78	393.4	428.62	14.285
1	2021-11-26 19:07:00	441.7	428.16	457.36	14.28
1	2021-11-26 19:08:00	476.47	454.63	497.92	14.316
1	2021-11-26 19:09:00	529.58	499.62	587.78	14.32
1	2021-11-26 19:10:00	590.15	572.55	636.74	14.316
1	2021-11-26 19:11:00	579.57	574.03	585.16	14.319
1	2021-11-26 19:12:00	544.59	511.89	579.14	14.234
1	2021-11-26 19:13:00	532.62	505.53	598.79	14.298
1	2021-11-26 19:14:00	566.03	546.2	580.5	14.33
1	2021-11-26 19:15:00	490.43	427.82	549.15	14.31
1	2021-11-26 19:16:00	386	364.55	423.51	14.285
1	2021-11-26 19:17:00	367.1	364.21	371.25	14.337
1	2021-11-26 19:18:00	365.9	357.16	371.48	14.299
1	2021-11-26 19:19:00	355.07	351.37	360.8	14.341
1	2021-11-26 19:20:00	381.52	355.01	409.76	14.264
1	2021-11-26 19:21:00	446.85	413.96	478.04	14.234
1	2021-11-26 19:22:00	509.79	478.83	539.15	14.264
1	2021-11-26 19:23:00	564.25	544.04	577.32	14.264
1	2021-11-26 19:24:00	567.17	551.2	579.94	14.263
1	2021-11-26 19:25:00	540.06	532.22	552.44	14.238
1	2021-11-26 19:26:00	537.85	531.66	547.67	14.269
1	2021-11-26 19:27:00	558.18	542.33	574.6	14.258
1	2021-11-26 19:28:00	590	571.3	609.7	14.272
1	2021-11-26 19:29:00	607.52	602.2	612.65	14.257
1	2021-11-26 19:30:00	626.72	608.91	658.21	14.216
1	2021-11-26 19:31:00	641.91	632.65	650.82	14.194
1	2021-11-26 19:32:00	612.5	594.93	633.78	14.146
1	2021-11-26 19:33:00	602.15	585.39	622.76	14.252
1	2021-11-26 19:34:00	709.66	625.38	1030.7	14.253
1	2021-11-26 19:35:00	1467.1	1041.6	1871	14.215
1	2021-11-26 19:36:00	992.53	628.44	1870.5	14.195
1	2021-11-26 19:37:00	571.16	529.5	626.4	14.279
1	2021-11-26 19:38:00	518.01	509.96	528.59	14.244
1	2021-11-26 19:39:00	544.45	517.8	566.3	14.292
1	2021-11-26 19:40:00	560.38	545.52	573.57	14.207
1	2021-11-26 19:41:00	536.23	528.48	545.63	14.262
1	2021-11-26 19:42:00	585.72	543.02	641.62	14.255
1	2021-11-26 19:43:00	679.42	637.42	765.33	14.209
1	2021-11-26 19:44:00	865.28	722.96	1063.3	14.193
1	2021-11-26 19:45:00	1787.3	1101.7	1988	14.203
1	2021-11-26 19:46:00	1675.1	830.77	1965.9	14.249
1	2021-11-26 19:47:00	672.41	531.09	998.33	14.213
1	2021-11-26 19:48:00	453.44	381.82	529.27	14.249
1	2021-11-26 19:49:00	326.1	279.35	378.07	14.228
1	2021-11-26 19:50:00	247.45	220.4	276.85	14.246
1	2021-11-26 19:51:00	213.32	205.97	222.45	14.203
1	2021-11-26 19:52:00	214.64	204.29	228.82	14.246
1	2021-11-26 19:53:00	247	225.87	272.12	14.259
1	2021-11-26 19:54:00	300.34	270.6	331.46	14.264
1	2021-11-26 19:55:00	360.39	334.44	387.38	14.289
1	2021-11-26 19:56:00	407.48	388.18	429.07	14.29
1	2021-11-26 19:57:00	440.11	422.71	454.86	14.285
1	2021-11-26 19:58:00	460.76	451.11	468.27	14.258
1	2021-11-26 19:59:00	474.24	463.72	487.35	14.267
1	2021-11-26 20:00:00	497.79	484.85	511.78	14.202
1	2021-11-26 20:01:00	528.82	511.32	550.51	14.247
1	2021-11-26 20:02:00	565.63	545.97	588.8	14.237
1	2021-11-26 20:03:00	605.24	578.69	635.03	14.218
1	2021-11-26 20:04:00	649.62	618.22	679.68	14.233
1	2021-11-26 20:05:00	744.44	675.7	831.45	14.251
1	2021-11-26 20:06:00	1277.2	799.07	1980	14.249
1	2021-11-26 20:07:00	875.8	829.41	919.83	14.247
1	2021-11-26 20:08:00	782.06	743.07	834.4	14.233
1	2021-11-26 20:09:00	751.55	735.68	775.22	14.259
1	2021-11-26 20:10:00	737.84	721.83	751.25	14.266
1	2021-11-26 20:11:00	748.28	741.93	758.97	14.314
1	2021-11-26 20:12:00	732.07	712.62	748.86	14.26
1	2021-11-26 20:13:00	691.96	664.68	720.23	14.285
1	2021-11-26 20:14:00	635.95	606.75	664.68	14.237
1	2021-11-26 20:15:00	578.38	551.88	605.61	14.283
1	2021-11-26 20:16:00	536.15	524.61	551.31	14.22
1	2021-11-26 20:17:00	527.59	522.45	536.88	14.222
1	2021-11-26 20:18:00	548.93	533.93	565.74	14.234
1	2021-11-26 20:19:00	584.03	564.6	607.09	14.233
1	2021-11-26 20:20:00	628.23	603.68	653.1	14.191
1	2021-11-26 20:21:00	674.86	651.62	700.24	14.148
1	2021-11-26 20:22:00	713.41	692.52	729.1	14.238
1	2021-11-26 20:23:00	744.89	724.1	761.7	14.181
1	2021-11-26 20:24:00	774.3	757.04	797.6	14.184
1	2021-11-26 20:25:00	809.1	784.08	828.38	14.207
1	2021-11-26 20:26:00	845.21	822.93	866.67	14.161
1	2021-11-26 20:27:00	886.65	861.9	909.5	14.165
1	2021-11-26 20:28:00	935.97	897.68	964.02	14.19
1	2021-11-26 20:29:00	943.48	932.33	958.12	14.202
1	2021-11-26 20:30:00	960.2	940.85	990.95	14.228
1	2021-11-26 20:31:00	948.75	926.42	975.27	14.223
1	2021-11-26 20:32:00	900.95	870.87	928.35	14.238
1	2021-11-26 20:33:00	845.48	822.7	872.35	14.154
1	2021-11-26 20:34:00	818.11	808.5	828.04	14.193
1	2021-11-26 20:35:00	789.46	773.51	812.82	14.234
1	2021-11-26 20:36:00	773.18	763.86	779.42	14.217
1	2021-11-26 20:37:00	708.43	587.09	893.93	14.24
1	2021-11-26 20:38:00	508.63	463.61	581.19	14.23
1	2021-11-26 20:39:00	484.84	462.36	512.68	14.249
1	2021-11-26 20:40:00	515.09	509.28	524.5	14.291
1	2021-11-26 20:41:00	514.18	506.66	518.36	14.303
1	2021-11-26 20:42:00	492.04	482.13	506.21	14.293
1	2021-11-26 20:43:00	497.38	483.38	518.48	14.286
1	2021-11-26 20:44:00	569.09	521.43	613.9	14.316
1	2021-11-26 20:45:00	636.35	612.77	650.94	14.259
1	2021-11-26 20:46:00	651.84	648.67	654.12	14.281
1	2021-11-26 20:47:00	652.37	649.8	654.8	14.28
1	2021-11-26 20:48:00	648.89	643.67	659.46	14.265
1	2021-11-26 20:49:00	638.59	622.42	646.96	14.25
1	2021-11-26 20:50:00	578.45	523.82	621.17	14.236
1	2021-11-26 20:51:00	476.85	438.96	521.43	14.204
1	2021-11-26 20:52:00	428.77	422.94	438.62	14.222
1	2021-11-26 20:53:00	428.88	424.98	434.98	14.231
1	2021-11-26 20:54:00	438.54	432.48	449.18	14.212
1	2021-11-26 20:55:00	454.48	443.5	467.81	14.281
1	2021-11-26 20:56:00	477.16	464.4	488.37	14.295
1	2021-11-26 20:57:00	500.33	487.35	512.57	14.264
1	2021-11-26 20:58:00	524.02	512	536.65	14.255
1	2021-11-26 20:59:00	550.39	536.54	565.4	14.212
1	2021-11-26 21:00:00	581.3	563.46	599.93	14.26
1	2021-11-26 21:01:00	618	597.89	642.19	14.25
1	2021-11-26 21:02:00	660.02	634.47	684.11	14.257
1	2021-11-26 21:03:00	706.07	682.18	730.57	14.236
1	2021-11-26 21:04:00	747.79	729.1	764.65	14.283
1	2021-11-26 21:05:00	754.31	735.91	766.58	14.263
1	2021-11-26 21:06:00	631.31	545.63	771.7	14.233
1	2021-11-26 21:07:00	477.69	434.3	542.22	14.254
1	2021-11-26 21:08:00	421.9	416.24	433.62	14.307
1	2021-11-26 21:09:00	411.58	404.31	416.8	14.267
1	2021-11-26 21:10:00	390.99	377.95	404.76	14.315
1	2021-11-26 21:11:00	367.37	355.57	379.09	14.275
1	2021-11-26 21:12:00	342.09	328.54	356.82	14.29
1	2021-11-26 21:13:00	312.73	301.5	328.31	14.289
1	2021-11-26 21:14:00	297.35	295.14	301.04	14.252
1	2021-11-26 21:15:00	305.92	298.2	314.79	14.288
1	2021-11-26 21:16:00	326.28	314.11	338.19	14.312
1	2021-11-26 21:17:00	348.97	336.72	361.14	14.289
1	2021-11-26 21:18:00	375.29	361.71	389.77	14.283
1	2021-11-26 21:19:00	405.64	388.97	421.01	14.279
1	2021-11-26 21:20:00	434.66	420.55	450.32	14.304
1	2021-11-26 21:21:00	455.68	446.34	463.84	14.26
1	2021-11-26 21:22:00	471.7	463.15	481.44	14.333
1	2021-11-26 21:23:00	492.08	480.65	504.39	14.312
1	2021-11-26 21:24:00	518.86	505.64	534.5	14.318
1	2021-11-26 21:25:00	548.2	532.45	560.74	14.37
1	2021-11-26 21:26:00	570.99	561.08	579.6	14.378
1	2021-11-26 21:27:00	577.16	570.51	580.5	14.278
1	2021-11-26 21:28:00	566.18	555.74	573.57	14.291
1	2021-11-26 21:29:00	559.18	551.99	569.71	14.28
1	2021-11-26 21:30:00	573.6	568.58	577.66	14.28
1	2021-11-26 21:31:00	573.05	567.1	577.55	14.31
1	2021-11-26 21:32:00	569.12	564.26	578.57	14.304
1	2021-11-26 21:33:00	594.59	578.8	606.41	14.271
1	2021-11-26 21:34:00	609.55	605.84	611.52	14.217
1	2021-11-26 21:35:00	614.34	609.02	618.67	14.278
1	2021-11-26 21:36:00	619.64	615.38	622.65	14.306
1	2021-11-26 21:37:00	625.77	621.06	630.6	14.28
1	2021-11-26 21:38:00	635.41	627.65	641.62	14.277
1	2021-11-26 21:39:00	642.63	634.92	645.6	14.28
1	2021-11-26 21:40:00	643.49	638.9	650.26	14.238
1	2021-11-26 21:41:00	664.37	648.55	679	14.284
1	2021-11-26 21:42:00	684.83	675.36	689.56	14.247
1	2021-11-26 21:43:00	686.03	680.7	690.81	14.275
1	2021-11-26 21:44:00	705.72	682.86	744.77	14.229
1	2021-11-26 21:45:00	745.49	734.32	757.72	14.276
1	2021-11-26 21:46:00	737.77	729.32	744.2	14.254
1	2021-11-26 21:47:00	727.14	722.96	732.62	14.257
1	2021-11-26 21:48:00	730.54	723.07	737.84	14.244
1	2021-11-26 21:49:00	740.43	730.23	755	14.26
1	2021-11-26 21:50:00	930.81	752.5	1724.4	14.162
1	2021-11-26 21:51:00	1602.4	1166.2	1864.3	14.177
1	2021-11-26 21:52:00	931.89	640.6	1807.1	14.237
1	2021-11-26 21:53:00	639.64	625.15	664	14.248
1	2021-11-26 21:54:00	784.69	664.34	973	14.255
1	2021-11-26 21:55:00	798.49	764.88	853.72	14.258
1	2021-11-26 21:56:00	900.4	784.31	1398.9	14.241
1	2021-11-26 21:57:00	729.88	627.99	896.32	14.324
1	2021-11-26 21:58:00	562.9	510.75	634.35	14.271
1	2021-11-26 21:59:00	446.25	377.61	508.48	14.216
1	2021-11-26 22:00:00	313.79	261.28	373.86	14.254
1	2021-11-26 22:01:00	231.48	213.68	257.99	14.242
1	2021-11-26 22:02:00	220.64	212.98	232	14.226
1	2021-11-26 22:03:00	242.47	231.26	253.76	14.191
1	2021-11-26 22:04:00	263.68	250.54	275.95	14.242
1	2021-11-26 22:05:00	291.29	273.78	307.63	14.318
1	2021-11-26 22:06:00	325.54	308.37	342.45	14.331
1	2021-11-26 22:07:00	360.19	342.29	377.73	14.342
1	2021-11-26 22:08:00	394.39	376.82	412.03	14.318
1	2021-11-26 22:09:00	430.94	412.6	450.66	14.284
1	2021-11-26 22:10:00	470.47	450.32	494.05	14.29
1	2021-11-26 22:11:00	509.82	489.06	527.34	14.255
1	2021-11-26 22:12:00	542.49	525.75	562.21	14.272
1	2021-11-26 22:13:00	575.84	558.35	594.02	14.214
1	2021-11-26 22:14:00	611.62	592.32	635.15	14.247
1	2021-11-26 22:15:00	652.02	629.47	672.41	14.206
1	2021-11-26 22:16:00	690.4	673.09	707.51	14.283
1	2021-11-26 22:17:00	724.25	704.22	745.23	14.261
1	2021-11-26 22:18:00	755.59	733.53	780.1	14.261
1	2021-11-26 22:19:00	775.69	758.63	790.67	14.23
1	2021-11-26 22:20:00	861.39	728.87	1093.8	14.249
1	2021-11-26 22:21:00	775.59	697.86	1079.4	14.298
1	2021-11-26 22:22:00	1469.9	695.7	1841.5	14.304
1	2021-11-26 22:23:00	1682.5	1555.9	1741.9	14.273
1	2021-11-26 22:24:00	1662.7	1614.6	1751.7	14.259
1	2021-11-26 22:25:00	1611.3	1545.8	1682	14.2
1	2021-11-26 22:26:00	1570.2	1499.9	1644.4	14.23
1	2021-11-26 22:27:00	1518.4	1456.3	1590.7	14.191
1	2021-11-26 22:28:00	1507.1	1446.1	1575.2	14.269
1	2021-11-26 22:29:00	1531.3	1451.4	1616.1	14.2
1	2021-11-26 22:30:00	1558.4	1476.8	1632.6	14.207
1	2021-11-26 22:31:00	1580	1495.9	1688.7	14.209
1	2021-11-26 22:32:00	1514.1	1434.4	1611.4	14.213
1	2021-11-26 22:33:00	1455.8	1346.5	1511.5	14.222
1	2021-11-26 22:34:00	1487.4	1443.4	1557.7	14.215
1	2021-11-26 22:35:00	1472.5	1420.8	1527.9	14.274
1	2021-11-26 22:36:00	1433.6	1187.5	1564.6	14.225
1	2021-11-26 22:37:00	1475.3	1421.3	1529.9	14.181
1	2021-11-26 22:38:00	1453	1413.4	1497.4	14.18
1	2021-11-26 22:39:00	1433	1385.9	1493.2	14.195
1	2021-11-26 22:40:00	1435.9	1362.3	1520.9	14.203
1	2021-11-26 22:41:00	1435.8	1344.7	1526.8	14.172
1	2021-11-26 22:42:00	1424.3	1361.5	1477.8	14.18
1	2021-11-26 22:43:00	1434	1358.1	1499.9	14.2
1	2021-11-26 22:44:00	1441.4	1369.8	1496.6	14.244
1	2021-11-26 22:45:00	1470.4	1364.7	1563.5	14.255
1	2021-11-26 22:46:00	1477.5	1355.8	1548.1	14.197
1	2021-11-26 22:47:00	1501.9	1429.3	1562.8	14.207
1	2021-11-26 22:48:00	669.35	360.23	1564.1	14.187
1	2021-11-26 22:49:00	759.43	337.96	1487.8	14.186
1	2021-11-26 22:50:00	1444.1	1298	1527.1	14.186
1	2021-11-26 22:51:00	1446.2	1379.6	1500.6	14.235
1	2021-11-26 22:52:00	1430.9	1367.3	1486.5	14.195
1	2021-11-26 22:53:00	1424.2	1348.5	1500.2	14.221
1	2021-11-26 22:54:00	1446.9	1331.5	1526.5	14.17
1	2021-11-26 22:55:00	1383.1	860.08	1594.1	14.222
1	2021-11-26 22:56:00	1459.7	1380.8	1544.2	14.186
1	2021-11-26 22:57:00	1418.3	1297.4	1502.5	14.206
1	2021-11-26 22:58:00	1425.9	1373.6	1479.2	14.153
1	2021-11-26 22:59:00	1446.3	1349	1539.4	14.141
1	2021-11-26 23:00:00	1442.5	1371.5	1527.8	14.144
1	2021-11-26 23:01:00	1449.6	1374.9	1515.9	14.226
1	2021-11-26 23:02:00	1356.7	951.3	1558.8	14.272
1	2021-11-26 23:03:00	1423.5	1023.3	1590.5	14.259
1	2021-11-26 23:04:00	1405.2	1015.5	1606.2	14.217
1	2021-11-26 23:05:00	1492	1215.3	1594.7	14.217
1	2021-11-26 23:06:00	1494.9	1295.3	1595.8	14.195
1	2021-11-26 23:07:00	1238.1	814.64	1646	14.139
1	2021-11-26 23:08:00	1188.5	946.64	1642.6	14.18
1	2021-11-26 23:09:00	1280.5	971.18	1725.8	14.161
1	2021-11-26 23:10:00	1408.8	1029.9	1837.4	14.178
1	2021-11-26 23:11:00	1581.9	1125.3	1880.9	14.196
1	2021-11-26 23:12:00	1428.9	991.52	1864.5	14.231
1	2021-11-26 23:13:00	1217.4	920.74	1879.8	14.193
1	2021-11-26 23:14:00	932.12	781.24	1603.8	14.184
1	2021-11-26 23:15:00	1016.1	813.39	1768.9	14.208
1	2021-11-26 23:16:00	1127.5	893.36	1843.8	14.222
1	2021-11-26 23:17:00	938.69	854.17	1066.7	14.226
1	2021-11-26 23:18:00	1114.5	864.96	1559.1	14.2
1	2021-11-26 23:19:00	828.31	773.29	1038	14.2
1	2021-11-26 23:20:00	957.45	771.92	1533.3	14.232
1	2021-11-26 23:21:00	980.87	790.44	1438.1	14.217
1	2021-11-26 23:22:00	935.44	767.27	1168.6	14.228
1	2021-11-26 23:23:00	1148.8	844.74	1698.3	14.209
1	2021-11-26 23:24:00	1267	837.7	1762.3	14.174
1	2021-11-26 23:25:00	1110.5	808.62	1657.9	14.183
1	2021-11-26 23:26:00	1143.1	777.04	1794.9	14.218
1	2021-11-26 23:27:00	745.21	603	1349.1	14.222
1	2021-11-26 23:28:00	763.06	612.54	1219.9	14.246
1	2021-11-26 23:29:00	1133.4	818.16	1671.5	14.218
1	2021-11-26 23:30:00	901.83	674.91	1757.2	14.234
1	2021-11-26 23:31:00	934.1	771.24	1223.8	14.182
1	2021-11-26 23:32:00	1188.5	670.48	1673.9	14.227
1	2021-11-26 23:33:00	946.91	665.93	1621.8	14.194
1	2021-11-26 23:34:00	1097.6	655.25	1616.8	14.279
1	2021-11-26 23:35:00	1279.4	914.83	1646	14.25
1	2021-11-26 23:36:00	1159	741.14	1654.9	14.242
1	2021-11-26 23:37:00	1343.7	854.51	1784.8	14.253
1	2021-11-26 23:38:00	1109.7	778.51	1736.4	14.248
1	2021-11-26 23:39:00	1007.9	728.19	1614.5	14.213
1	2021-11-26 23:40:00	959.21	743.18	1279.2	14.165
1	2021-11-26 23:41:00	988.16	730.35	1464.7	14.219
1	2021-11-26 23:42:00	951.61	777.26	1611.9	14.328
1	2021-11-26 23:43:00	1085.8	857.01	1589.1	14.255
1	2021-11-26 23:44:00	1286.8	778.4	1755	14.23
1	2021-11-26 23:45:00	807.68	752.27	896.54	14.27
1	2021-11-26 23:46:00	893.18	735.23	1206.2	14.225
1	2021-11-26 23:47:00	840.94	724.32	1345.5	14.217
1	2021-11-26 23:48:00	978.01	818.95	1233.7	14.21
1	2021-11-26 23:49:00	1005	782.26	1699.1	14.295
1	2021-11-26 23:50:00	999.19	821.57	1604.3	14.285
1	2021-11-26 23:51:00	1135.8	676.61	1601.1	14.29
1	2021-11-26 23:52:00	646.28	619.92	731.37	14.267
1	2021-11-26 23:53:00	837.81	671.16	1596.1	14.238
1	2021-11-26 23:54:00	740.65	671.27	992.54	14.212
1	2021-11-26 23:55:00	1144.2	697.51	1574.3	14.256
1	2021-11-26 23:56:00	1410.7	959.03	1664.6	14.238
1	2021-11-26 23:57:00	960.28	792.37	1358.9	14.19
1	2021-11-26 23:58:00	801.15	717.05	1158.1	14.181
1	2021-11-26 23:59:00	876.71	659.23	1379.9	14.228
1	2021-11-27 00:00:00	640.04	602.77	709.22	14.199
1	2021-11-27 00:01:00	820.57	696.38	1238.8	14.214
1	2021-11-27 00:02:00	759.75	623.56	1355.3	14.265
1	2021-11-27 00:03:00	940.6	677.97	1520.2	14.254
1	2021-11-27 00:04:00	1106.9	785.67	1446.9	14.196
1	2021-11-27 00:05:00	963.94	644.01	1448.2	14.239
1	2021-11-27 00:06:00	675.48	587.32	844.06	14.205
1	2021-11-27 00:07:00	630.3	570.73	763.97	14.234
1	2021-11-27 00:08:00	784.12	592.21	1162.7	14.246
1	2021-11-27 00:09:00	531.26	498.71	636.62	14.221
1	2021-11-27 00:10:00	536.57	500.53	599.82	14.215
1	2021-11-27 00:11:00	658.78	581.07	905.86	14.21
1	2021-11-27 00:12:00	639.76	571.76	792.14	14.23
1	2021-11-27 00:13:00	768.72	639.35	1166.7	14.223
1	2021-11-27 00:14:00	1058	699.22	1360	14.197
1	2021-11-27 00:15:00	1124.3	737.16	1449.3	14.175
1	2021-11-27 00:16:00	1291.5	1016.7	1438.9	14.215
1	2021-11-27 00:17:00	902.24	594.82	1364	14.25
1	2021-11-27 00:18:00	859.61	607.54	1297.3	14.221
1	2021-11-27 00:19:00	657.51	562.1	962.32	14.169
1	2021-11-27 00:20:00	652.71	561.65	788.28	14.177
1	2021-11-27 00:21:00	581.84	542.33	673.2	14.266
1	2021-11-27 00:22:00	699.09	544.38	1145.6	14.257
1	2021-11-27 00:23:00	675.15	589.25	839.63	14.193
1	2021-11-27 00:24:00	766.37	657.98	1079.4	14.178
1	2021-11-27 00:25:00	740.31	701.6	776.13	14.222
1	2021-11-27 00:26:00	845.67	682.18	1270.1	14.224
1	2021-11-27 00:27:00	1043.2	788.51	1431	14.245
1	2021-11-27 00:28:00	810.1	616.06	1171.5	14.264
1	2021-11-27 00:29:00	641.16	590.84	715.8	14.283
1	2021-11-27 00:30:00	628.29	550.97	792.14	14.19
1	2021-11-27 00:31:00	634.12	552.67	766.02	14.209
1	2021-11-27 00:32:00	571.57	504.16	676.5	14.249
1	2021-11-27 00:33:00	511.08	497.69	551.08	14.269
1	2021-11-27 00:34:00	493.83	480.76	513.37	14.254
1	2021-11-27 00:35:00	482.76	464.18	510.53	14.227
1	2021-11-27 00:36:00	469.36	448.27	486.56	14.196
1	2021-11-27 00:37:00	460.48	445.89	483.72	14.228
1	2021-11-27 00:38:00	447.42	437.14	459.97	14.281
1	2021-11-27 00:39:00	433.52	415.9	451.23	14.306
1	2021-11-27 00:40:00	409.98	397.04	431.23	14.324
1	2021-11-27 00:41:00	401.4	361.71	484.51	14.242
1	2021-11-27 00:42:00	346.89	319.33	370.34	14.229
1	2021-11-27 00:43:00	316.74	300.48	337.85	14.258
1	2021-11-27 00:44:00	313.15	296.27	335.24	14.197
1	2021-11-27 00:45:00	398.77	325.7	584.37	14.249
1	2021-11-27 00:46:00	379.76	355.8	471.67	14.242
1	2021-11-27 00:47:00	390.81	370.8	467.02	14.211
1	2021-11-27 00:48:00	408.39	387.38	426.23	14.234
1	2021-11-27 00:49:00	437.55	413.96	462.25	14.237
1	2021-11-27 00:50:00	697.64	451.23	1007.8	14.202
1	2021-11-27 00:51:00	922.52	794.08	1019.7	14.149
1	2021-11-27 00:52:00	682.86	575.71	863.15	14.175
1	2021-11-27 00:53:00	535.39	481.67	638.21	14.207
1	2021-11-27 00:54:00	515.35	477.24	543.36	14.199
1	2021-11-27 00:55:00	534.18	500.3	570.62	14.256
1	2021-11-27 00:56:00	607.08	521.55	931.76	14.259
1	2021-11-27 00:57:00	671.46	526.43	1044.5	14.285
1	2021-11-27 00:58:00	546.52	472.36	693.77	14.249
1	2021-11-27 00:59:00	495.5	460.43	534.61	14.216
1	2021-11-27 01:00:00	528.24	479.74	614.47	14.2
1	2021-11-27 01:01:00	543.22	470.54	657.87	14.254
1	2021-11-27 01:02:00	599.84	448.5	867.69	14.266
1	2021-11-27 01:03:00	538.06	396.92	779.76	14.269
1	2021-11-27 01:04:00	521.1	401.01	828.84	14.244
1	2021-11-27 01:05:00	381.81	357.28	408.74	14.243
1	2021-11-27 01:06:00	402.81	335.35	541.08	14.259
1	2021-11-27 01:07:00	426.13	319.56	720.58	14.264
1	2021-11-27 01:08:00	324.09	300.93	369.43	14.222
1	2021-11-27 01:09:00	398.97	305.7	585.28	14.196
1	2021-11-27 01:10:00	305.52	291.84	331.04	14.226
1	2021-11-27 01:11:00	309.98	278.32	447.36	14.243
1	2021-11-27 01:12:00	333.99	279.8	467.7	14.218
1	2021-11-27 01:13:00	278.55	257.54	315.59	14.257
1	2021-11-27 01:14:00	260.8	247.2	273.55	14.248
1	2021-11-27 01:15:00	250.24	242.31	259.01	14.225
1	2021-11-27 01:16:00	241.75	235.84	249.81	14.203
1	2021-11-27 01:17:00	245.14	236.29	271.96	14.144
1	2021-11-27 01:18:00	268.52	248.79	331.38	14.227
1	2021-11-27 01:19:00	256.86	246.29	267.08	14.258
1	2021-11-27 01:20:00	260.4	250.61	267.99	14.259
1	2021-11-27 01:21:00	258.35	244.47	268.67	14.229
1	2021-11-27 01:22:00	231.98	212.45	250.61	14.233
1	2021-11-27 01:23:00	201.9	190.88	217.15	14.238
1	2021-11-27 01:24:00	175.75	162.86	190.96	14.284
1	2021-11-27 01:25:00	149.04	135.49	161.55	14.291
1	2021-11-27 01:26:00	128.95	121.37	137.39	14.281
1	2021-11-27 01:27:00	117.63	112.89	122.37	14.218
1	2021-11-27 01:28:00	110.35	106.47	114.15	14.249
1	2021-11-27 01:29:00	103.63	99.64	107.12	14.242
1	2021-11-27 01:30:00	96.454	93.097	100.2	14.231
1	2021-11-27 01:31:00	89.547	85.667	93.199	14.231
1	2021-11-27 01:32:00	83.619	81.1	86.746	14.232
1	2021-11-27 01:33:00	81.678	80.589	82.895	14.255
1	2021-11-27 01:34:00	81.395	80.305	82.713	14.254
1	2021-11-27 01:35:00	78.28	75.738	80.214	14.26
1	2021-11-27 01:36:00	74.028	71.933	76.67	14.255
1	2021-11-27 01:37:00	70.068	67.695	71.978	14.226
1	2021-11-27 01:38:00	66.476	64.798	68.297	14.246
1	2021-11-27 01:39:00	64.539	64.117	65.435	14.238
1	2021-11-27 01:40:00	64.715	64.185	65.366	14.218
1	2021-11-27 01:41:00	65.815	65.094	66.184	14.3
1	2021-11-27 01:42:00	66.232	65.991	66.446	14.296
1	2021-11-27 01:43:00	66.368	65.968	67.082	14.342
1	2021-11-27 01:44:00	68.289	66.593	70.308	14.332
1	2021-11-27 01:45:00	73.383	70.138	77.079	14.301
1	2021-11-27 01:46:00	80.35	76.829	84.258	14.273
1	2021-11-27 01:47:00	87.389	83.883	91.143	14.322
1	2021-11-27 01:48:00	94.61	91.063	98.084	14.237
1	2021-11-27 01:49:00	103.07	98.402	107.71	14.254
1	2021-11-27 01:50:00	114.88	107.5	122.71	14.226
1	2021-11-27 01:51:00	133.28	121.96	147.32	14.227
1	2021-11-27 01:52:00	159.22	146.68	171.36	14.254
1	2021-11-27 01:53:00	177.8	169.1	184.59	14.319
1	2021-11-27 01:54:00	186.53	181.62	192.18	14.322
1	2021-11-27 01:55:00	188.75	183.34	195.84	14.248
1	2021-11-27 01:56:00	187.73	184.24	192.15	14.228
1	2021-11-27 01:57:00	185.33	180.33	189.57	14.233
1	2021-11-27 01:58:00	182.49	179.41	186.45	14.25
1	2021-11-27 01:59:00	181.76	176.97	186.01	14.292
1	2021-11-27 02:00:00	184.42	179.7	186.89	14.269
1	2021-11-27 02:01:00	188.18	184.66	191.56	14.29
1	2021-11-27 02:02:00	190.01	186.23	193.84	14.264
1	2021-11-27 02:03:00	190.61	187.02	194.15	14.248
1	2021-11-27 02:04:00	188.86	184.46	194.76	14.231
1	2021-11-27 02:05:00	179.89	171.14	187.45	14.271
1	2021-11-27 02:06:00	162.29	153	171.44	14.218
1	2021-11-27 02:07:00	143.09	133.12	153.07	14.305
1	2021-11-27 02:08:00	125.45	118.57	132.91	14.327
1	2021-11-27 02:09:00	112.05	104.54	118.45	14.291
1	2021-11-27 02:10:00	96.51	89.439	103.98	14.294
1	2021-11-27 02:11:00	84.226	80.328	89.666	14.352
1	2021-11-27 02:12:00	78.562	77.056	80.316	14.348
1	2021-11-27 02:13:00	74.761	71.91	77.295	14.275
1	2021-11-27 02:14:00	67.449	62.629	71.944	14.269
1	2021-11-27 02:15:00	58.173	54.097	62.254	14.279
1	2021-11-27 02:16:00	50.198	46.77	53.859	14.348
1	2021-11-27 02:17:00	43.726	40.59	46.838	14.289
1	2021-11-27 02:18:00	38.382	36.409	40.783	14.287
1	2021-11-27 02:19:00	35.145	34.012	36.421	14.265
1	2021-11-27 02:20:00	33.088	32.172	34.069	14.331
1	2021-11-27 02:21:00	30.979	29.468	32.24	14.328
1	2021-11-27 02:22:00	27.937	26.197	29.525	14.345
1	2021-11-27 02:23:00	25.112	24.106	26.31	14.322
1	2021-11-27 02:24:00	23.75	23.09	24.345	14.315
1	2021-11-27 02:25:00	23.187	22.948	23.553	14.284
1	2021-11-27 02:26:00	23.229	22.815	23.703	14.338
1	2021-11-27 02:27:00	24.523	23.604	25.521	14.387
1	2021-11-27 02:28:00	26.435	25.492	27.431	14.379
1	2021-11-27 02:29:00	27.518	27.025	27.819	14.336
1	2021-11-27 02:30:00	27.525	27.283	27.838	14.357
1	2021-11-27 02:31:00	27.115	26.817	27.44	14.346
1	2021-11-27 02:32:00	26.509	26.03	26.972	14.328
1	2021-11-27 02:33:00	25.564	24.903	26.183	14.342
1	2021-11-27 02:34:00	24.247	23.586	25.029	14.311
1	2021-11-27 02:35:00	23.066	22.658	23.575	14.341